index,0,1,2,3,4,5,6,7,8
TGACAGTGTATCATGC-sAML1,0.0,2.6719936587189655e-06,0.0,0.0,0.0,0.0,3.38498e-318,0.9999973280063412,2.1578327379188267e-53
GTCGAATCACGACGCT-sAML1,5.2172200568020575e-08,0.0,0.0037551347780689958,3.148321107053966e-11,2.0813385551327252e-05,0.996051441004075,0.00017255862862073845,0.0,7.348745253639775e-23
CGGAATTTCGTAGGAG-sAML1,2.57203468298781e-07,0.0,0.999860293209774,0.00013558836122306436,1.3443236737069214e-07,3.245452426109665e-11,3.7267607126220354e-06,0.0,1.792047322566096e-31
GAGTGAGTCCTGGCTT-sAML1,0.9904068475029812,2.707179385611171e-149,9.367303908123337e-12,2.212758805391416e-13,0.00858454870594998,0.0005182511647227442,0.0004903526167572839,7.846731111523215e-126,1.6092938473920805e-16
TGATTCTAGTGATAGT-sAML1,0.9994771429306626,3.744441168822522e-88,3.4948077008509035e-12,3.3939879115364598e-15,0.00040299299024609456,0.0001179469866860969,1.9170888120782285e-06,1.2025386889809142e-71,9.50106160437348e-14
AATGGAAGTACGGATG-sAML1,1.5106127698815742e-24,0.0,0.0358123183152341,1.435665881345118e-09,7.505689948491432e-08,2.894467557427116e-23,0.9641876051922006,0.0,2.4608068959879562e-21
TCCATGCGTTCGATTG-sAML1,9.896652756980225e-11,7.418278756728042e-286,0.00014061262391416797,3.800545853014886e-15,0.9983558340845371,1.2119650767970497e-09,0.0015035519806108246,1.649479670750329e-252,2.5797204980189367e-15
GGGACCTTCATGGAGG-sAML1,0.18093860687587313,4.554589755932604e-217,7.886262239324182e-08,5.936283145566051e-14,0.012696441574439466,0.8015028351876022,0.004862037499403204,9.842621001499541e-187,1.678272944125646e-16
CCACACTTCCTACTGC-sAML1,7.073193655414178e-223,0.0030702156318462245,1.7164744074282906e-232,3.7015371143338445e-263,9.332019367369516e-226,6.257200179291745e-212,4.284949586118054e-214,0.9969297843681539,2.427821014764187e-40
TGTACAGGTCTTCGAA-sAML1,0.438120468688891,6.429626365902893e-112,3.2732723209404255e-07,2.3982201267344636e-12,0.5616778785126413,3.588311188275698e-06,0.00019773711272576435,4.483757037654582e-98,4.4923342939440934e-11
TACCCGTGTGATCATC-sAML1,1.0295608897568923e-06,1.6066215896900066e-214,1.29163164276801e-06,1.6548126502893625e-09,0.9995508373276367,7.407291182786845e-12,0.00044683981759769455,8.806352322226452e-186,1.3020620987731285e-14
CAGATTGCATCATCCC-sAML1,4.440029417715366e-12,0.0,0.8625411813683402,1.3863031842384879e-08,1.3720067177613658e-06,0.1374534972301228,3.935527347186028e-06,0.0,1.3408283648100603e-28
TAGACCATCCAAAGGG-sAML1,6.49061737947482e-07,4.469077070037791e-214,2.263496845167781e-07,1.0174638761785076e-10,0.9996373594049378,3.535188898576257e-11,0.000361765046538768,1.365546535288213e-185,2.7440697965265777e-15
CCGAACGCAGCTAACT-sAML1,0.0,0.01377266231638884,0.0,0.0,0.0,0.0,0.0,0.9862273376836111,1.4639360928841768e-58
AAGTACCGTTTACGTG-sAML1,0.0,1.0195740236034266e-05,0.0,0.0,0.0,0.0,0.0,0.9999898042597639,9.04082927357018e-93
AACGAAATCAAGTCTG-sAML1,1.1258543642415637e-29,0.0,0.9999999848138745,6.275607876976799e-13,1.2150070609555219e-08,7.144795204235602e-17,3.0354273531963654e-09,0.0,1.9722470071965586e-33
CTACATTTCGTCAGAT-sAML1,0.0,0.9999999991906416,0.0,0.0,0.0,0.0,0.0,8.093584073695859e-10,1.0138798427572161e-73
AAGAACACACTGAATC-sAML1,2.4349697715453585e-06,1.4702759999395993e-237,9.201744775945288e-06,1.3806570509984179e-08,8.283527569164338e-14,4.644319496744375e-12,0.9999883494741546,5.779993543289632e-209,2.847917638023782e-16
CTTCAATAGATCGCTT-sAML1,1.0351776302760986e-05,3.0040100043696985e-179,0.9651462745396375,0.00013478938601450182,0.0028549817757341786,0.030244113583537086,0.0016094881600644516,3.402386085983538e-160,7.787096521235252e-10
TTTGGAGCATGTCAGT-sAML1,0.9990251246206686,1.4003683775040276e-210,1.6125899865948692e-11,4.3743823841583756e-15,0.0008746936771145303,1.4965923532295227e-13,0.0001001816859368983,4.5971938895053115e-191,3.0118110542206416e-21
TGCTCCATCAAGCGTT-sAML1,2.05188553634441e-09,0.0,1.3195109404711312e-05,5.342578740517653e-09,0.9943524402746085,6.3791445663177574e-21,0.005634357221522672,1.7246883e-317,5.476447227666203e-22
TTTGACTCATCCTAAG-sAML1,0.003126487352254916,4.980744279251431e-282,0.0008210270821628465,7.477597981439531e-06,0.06116325847750399,0.9270376647682698,0.00784408472182698,2.564758975136805e-246,1.001054471080438e-16
AACGAAACAAGCCATT-sAML1,0.0,1.0,0.0,0.0,0.0,0.0,0.0,1.664683516328552e-24,1.2463861199110656e-81
CCGTGAGTCCGCTTAC-sAML1,2.106435785937378e-11,0.0,5.314363656090503e-09,5.625470829265558e-14,0.999976066041845,1.1944412580563875e-15,2.392862266961162e-05,0.0,2.796920473298982e-26
TCGCTCAGTTTCGTTT-sAML1,0.000627888478910803,0.0,3.2298281302741953e-06,7.911785078244357e-10,0.002403022133008235,0.9968789277702824,8.69309984898427e-05,0.0,2.63745866245225e-28
TTTGTTGGTAGAGGAA-sAML1,1.827217595563459e-09,0.0,0.10073877895457739,6.320291358247082e-09,2.9077621655031834e-10,3.468921331020162e-39,0.8992612126071375,0.0,3.783734998700047e-32
TACGCTCAGGTAGCCA-sAML1,0.8834282043961323,6.472343566517284e-149,3.746956342484374e-06,4.176863563106231e-05,0.0044716107174687415,0.10538961399206373,0.006665055285875632,4.8760357621941054e-132,1.6485873589133754e-11
GTGAGTTAGAGCAGCT-sAML1,0.0,0.9999999992372222,0.0,0.0,0.0,0.0,0.0,7.627778156397083e-10,1.2079833236914062e-93
CACATGATCAAGCCGC-sAML1,0.000416649154039216,1.2734147011379364e-241,0.017285945766040135,2.481679229205973e-07,0.006771867081937988,0.9683620841018324,0.007163205728184279,1.541839344056965e-213,4.313342860832602e-14
CTTACCGCAGGCATGA-sAML1,0.13280797301960784,2.9014577345155106e-104,0.17817559642393402,8.728428650793586e-09,0.03887618105021007,0.6068512190598259,0.04328607808214347,4.569413453382965e-93,2.943635850136748e-06
TACGCTCGTTGATGTC-sAML1,0.0,0.9757360153565635,0.0,0.0,0.0,0.0,0.0,0.024263984643436435,5.72463989288362e-65
AGATCGTAGCATTGTC-sAML1,3.4761116355338233e-169,0.5739234519813323,5.6972620245356555e-170,7.190961867074328e-197,5.078735120938662e-173,6.10337867579942e-157,4.767944963287681e-161,0.4260765480186677,5.027002687312118e-24
GACCTTCTCGGTCGGT-sAML1,0.0,0.9999999995823536,0.0,0.0,0.0,0.0,0.0,4.176463509068931e-10,5.694369425963773e-134
ATGAGGGCAAGTACCT-sAML1,1.5e-322,0.7536301798356542,0.0,0.0,0.0,1.55605801448e-312,2.5370197828625e-311,0.24636982016434578,2.1616793785117793e-47
AAGGTAATCGAGTTGT-sAML1,0.7208081160081894,5.015340511436701e-291,0.00023343209207880654,0.001119800907913611,0.023734517438045232,0.23477983785801104,0.019324295695761863,9.262939349971626e-252,2.301283601933163e-17
ATAGAGATCGCTGACG-sAML1,0.0,0.0001772389314891585,0.0,0.0,0.0,0.0,0.0,0.999822761068511,2.0664998792093923e-72
GTTCTATCATGCACTA-sAML1,3.4111341645343943e-14,0.0,0.996106436222589,2.587184116776809e-10,9.137077730638854e-08,0.0038896022403934463,3.869907487572384e-06,0.0,6.302391926866715e-23
ACATGCAAGCCAGAGT-sAML1,5.588073945763448e-44,0.0,1.0,2.767762227706776e-19,1.6149935882824401e-21,1.4233799623768872e-24,7.123653507291729e-22,0.0,1.4259902385343147e-61
CTAGGTACACAGTGTT-sAML1,0.0009026389576653943,4.003912656649181e-192,9.72543670987477e-06,1.906485037338751e-09,0.0012104616115731087,0.9529259503336945,0.04495122175362282,1.9608344629352185e-170,2.491843408950917e-13
GTTGCTCAGGGCAAGG-sAML1,0.0,0.007051867523353829,0.0,0.0,0.0,0.0,0.0,0.992948132476646,1.908115829587717e-53
CAGATTGCAGGTTCGC-sAML1,2.8903152165838367e-282,0.9982966892539272,2.54342811515968e-289,0.0,6.923915360764047e-288,6.355722111810182e-265,2.4173636644397405e-271,0.0017033107460727923,3.8611146866008233e-44
CAGCGTGAGGTACATA-sAML1,5.1467532338451e-261,0.12621738176173808,1.66434419294229e-264,5.868385863069396e-303,1.2229844936244172e-266,2.937486777060304e-244,1.1378906724443884e-250,0.873782618238262,3.961898215150559e-39
CGATCGGCATTCCTCG-sAML1,1.622602987175038e-12,0.0,1.1270359358650147e-11,0.9999999998620792,4.3860374699414386e-11,4.2582894574664434e-11,3.858454694114296e-11,1.3785169934410152e-294,1.12555675287303e-25
GGATGTTGTCGCTGCA-sAML1,1.2047166969190709e-06,0.0,0.9833696337688087,3.5289591483581405e-08,0.0016054196325257877,6.512169631114343e-13,0.015023706591725791,0.0,1.9639227054312193e-23
GTGCTGGTCCGATAAC-sAML1,8.09965575375897e-05,3.885941934154383e-254,0.9715929248708781,1.0342944252232096e-05,0.0016943696983862432,0.02596822013679347,0.000653145790141466,8.889384867573419e-224,2.0108199150467684e-12
CAGATCAAGCGCACAA-sAML1,2.7768579346944714e-06,5.121446932256297e-193,0.056447964006122314,0.017345209595960566,0.0003289507084366395,0.8995117339323683,0.026363364884093594,1.5336538124594706e-175,1.508396000134327e-11
GGAATGGAGTTGGAGC-sAML1,0.9319527746282587,5.37064600230958e-247,2.6768349350685236e-08,1.6109055644822963e-13,0.052788755646169236,0.014952945169565359,0.00030549778749631046,6.17431251453216e-214,6.474268424726615e-19
CTTCCTTGTCTGCAAT-sAML1,0.9908876403921753,5.042330355198721e-209,4.35909579612496e-10,8.668250816345937e-11,0.006981120874143864,0.0021240776730895956,7.160537999350601e-06,9.888597517452306e-180,2.0902338490539843e-18
ATGGGAGTCTGATTCT-sAML1,0.00030723384074107926,0.0,0.0010178791960747462,1.014103977305899e-05,6.741888443194305e-12,5.372577759436752e-11,0.9986647458629435,2.1976838153701827e-299,9.357747543092317e-19
AGTCATGGTGGTAACG-sAML1,8.388155229129978e-07,2.1905185074012135e-208,3.7092618094315286e-06,3.1082866878907918e-09,0.9997185798871279,2.095889664112367e-12,0.0002768689251498427,2.5883224852501975e-179,7.306193446389754e-15
GGGTAGACAGAGTGAC-sAML1,0.0,0.9999999999567397,0.0,0.0,0.0,0.0,8e-322,4.326027964666701e-11,1.2261462503835484e-49
CATCGCTCACTTGACA-sAML1,4.1501199301030574e-288,0.06593487350388519,6.566521296056004e-294,0.0,3.3538240460990655e-295,5.9401356463256385e-270,1.8110053575616047e-277,0.9340651264961148,1.0738591635691375e-43
TCAATTCAGCAAATCA-sAML1,1.710822185393124e-19,0.0,0.999999952446798,4.130755794494105e-12,8.041475383548648e-11,6.738509196472838e-14,4.746858914593344e-08,0.0,5.121099624390153e-40
GTTACGAAGGAAGTCC-sAML1,0.0,0.999999999496721,0.0,0.0,0.0,0.0,0.0,5.032788977458714e-10,4.171158586125477e-94
ACCTACCAGGAACGTC-sAML1,0.0,0.026871785462843856,0.0,0.0,0.0,0.0,0.0,0.973128214537156,6.612054662681474e-68
CGTGATACACTCCGGA-sAML1,0.0,0.9830320051518961,0.0,0.0,0.0,0.0,0.0,0.01696799484810394,2.957681843500806e-57
TTTATGCAGGCTGGAT-sAML1,1.950099893388373e-08,1.3804356742711155e-276,1.0918778760833167e-07,6.880489266929635e-13,1.3100111495569026e-09,1.959203717950405e-20,0.9999998700005144,1.0409904256060524e-240,6.163582402079842e-18
AATGACCTCTCTGCTG-sAML1,1.3598211340645188e-12,0.0,0.999969728937838,9.162229318523708e-14,6.657189078685762e-12,4.89976668212735e-18,3.0271054053385583e-05,0.0,7.838185770248016e-43
GAAATGATCCCTCAAC-sAML1,1.598705143428437e-09,0.0,0.017304008837822644,3.5965099149012257e-12,0.979857261003595,5.789293396755738e-10,0.002838727977351215,0.0,4.003450435060136e-20
GTCTTTAGTCGTGCCA-sAML1,3.1938325334847805e-05,8.52288948315521e-275,0.496298694132014,1.0200094525335649e-06,0.48615283804720794,0.0005630794108802319,0.016952430075074763,1.2691616081976607e-243,3.563171704717e-14
CTCCAACGTCAAAGTA-sAML1,0.6193838333991644,2.6626068580277655e-172,0.0011789983088873975,1.0830657626450928e-05,0.011071211331461595,0.3553855934872543,0.012969532807433421,4.0344813880921706e-151,8.172556051577855e-12
AGACAAATCAGTCTTT-sAML1,0.0,0.0015709159272183752,0.0,0.0,0.0,0.0,0.0,0.9984290840727816,4.999214045411178e-74
TGCACGGCAACGTAAA-sAML1,4.661106402707619e-30,0.0,0.9529621661110858,1.032958199393875e-10,0.047000590846186005,3.754005343183422e-37,3.724293943241478e-05,0.0,1.1918618205429404e-25
AGGGTTTTCATTGCGA-sAML1,2.3307647084116806e-253,0.004097938005606911,8.286783791174094e-260,8.083893960392841e-298,7.865158604781649e-261,1.1569214158488884e-238,4.4818111398261e-245,0.9959020619943931,4.413319437794897e-40
ACTTTCAAGCCGATCC-sAML1,2.2641602977508365e-297,0.9802909860646674,2.3103389052403698e-297,0.0,3.2986886315148006e-302,1.2467907910947059e-275,1.9430680047876255e-282,0.019709013935332576,4.726961523358596e-42
CGAATTGCAAGTGACG-sAML1,6.727968767341111e-174,0.0,1.2998306698810197e-176,1.0,3.3820835515835618e-189,1.627635747619505e-174,3.479860242662329e-168,0.0,3.683866739457322e-184
CCTCATGGTTAAACAG-sAML1,0.09625011787244608,5.632864307013582e-228,0.005212521076361424,1.5814869419648557e-05,0.07433719578542958,0.8159858484331027,0.008198501963189667,8.68706511301565e-198,5.090202131974591e-14
GAGGGATGTTCGGCGT-sAML1,2.0508346188017036e-05,1.1646099258635328e-151,0.38174221426286903,5.49945387636002e-07,0.0032819189963154208,0.6058979961803542,0.009056774754561084,8.755357482248755e-137,3.751432452925918e-08
TGGGAGAGTCTTCAAG-sAML1,0.0,0.005637168725769505,0.0,0.0,0.0,0.0,0.0,0.9943628312742305,2.078441773586844e-110
ACCCAAAAGAACTCCT-sAML1,0.01083070422440122,6.920487756240817e-179,0.3302606134440571,0.001576727003568698,0.015383999373855735,0.6260685998438974,0.01587935556118016,7.316042845485804e-158,5.490395898485614e-10
ATTCTACGTAGGCAGT-sAML1,0.0,0.0866123174238546,0.0,0.0,0.0,0.0,0.0,0.9133876825761453,3.168104323585946e-59
ACCCAAACAAACTAGA-sAML1,9.171226800524713e-07,7.144221794605002e-228,0.9988844678428426,0.0001991210243609344,2.112759499221146e-05,2.1576188124236236e-06,0.0008922087937513925,5.469347023712633e-205,2.5603896582125665e-12
CCTTGTGAGTGCAGCA-sAML1,0.8807402656292531,2.7048447284913103e-214,5.024039580172213e-06,6.312034015449604e-06,0.00719822727601037,0.11137983812074344,0.0006703329003953419,1.746816513070766e-187,2.0593810268227374e-15
TCTTAGTCAGTCGAGA-sAML1,0.6400640113951841,5.798014163851436e-236,5.167991886992161e-08,2.0113175246970816e-09,0.025496497621511665,0.333039741951339,0.0013996953407289247,2.1534660075673604e-203,1.0850146213283519e-18
ACTATGGGTAGACACG-sAML1,3.3846978655630615e-06,0.0,0.006064770751726319,2.0682218220635486e-08,0.9469784836332829,0.019728537275608363,0.02722480295929865,0.0,5.475545561651439e-22
TGTAGACGTGATTCTG-sAML1,5.046985600064e-311,0.7212525564108807,2.29777e-318,0.0,3.711416e-318,1.1192914370859474e-290,1.9092490439843192e-299,0.2787474435891193,6.973461960178143e-49
GAATCGTTCCGTATGA-sAML1,0.002000387430539029,2.4413932317600627e-219,0.023266242640100295,9.236024725833872e-08,0.018679946762702255,0.9431396763500175,0.012913654453967381,2.0273420628892054e-193,2.4260204219320025e-12
ACTCCCATCTTAATCC-sAML1,0.0,1.0,0.0,0.0,0.0,4.13681692e-315,5.4709756675e-314,8.958499030999047e-18,4.6085709150774844e-57
GAACGTTGTATCCCTC-sAML1,3.014532809980123e-08,0.0,2.5469877706341903e-06,8.802106467686002e-09,0.9998890877437019,1.91910287031991e-11,0.00010832630190200313,3.429833074432987e-285,1.8501134228795263e-19
CGTGCTTAGTCTGGTT-sAML1,2.1682752707325667e-07,4.599841277699722e-152,0.10510370372862504,1.920219215261299e-06,6.939894946972646e-06,7.3916211030311695e-09,0.8948872102938156,2.879802732104572e-136,1.644249033946786e-09
GAGCTGCGTGGATGAC-sAML1,1.5624706013032986e-11,0.0,0.07238123956796944,8.057710712922454e-09,9.742535399008448e-07,0.9273968743924851,0.0002209037126700934,0.0,5.130920183142226e-27
GACTTCCTCGTCTAAG-sAML1,0.9999999261033464,0.0,7.16189129371971e-08,1.500596823141537e-11,1.1521531583642528e-09,1.2138128054843406e-22,1.110581529035626e-09,0.0,1.6568472505581516e-36
TCATTACTCCTCTAAT-sAML1,0.9999979147667034,2.435564738587587e-238,2.4529553177191954e-07,4.332646277310222e-12,6.909594016528961e-07,2.6114043492121475e-13,1.148973769238377e-06,8.587875458910247e-210,7.748254938568429e-20
TGCACGGGTAGGGAGG-sAML1,0.0,0.9999999999990246,0.0,0.0,0.0,0.0,0.0,9.754649484333193e-13,1.4213491844986159e-59
ACTTAGGCAGCTGTGC-sAML1,4.510333343010221e-05,0.0,3.330492592186922e-08,1.2210742080883634e-16,0.9996400521561737,6.342249416769744e-15,0.00031481120546380533,0.0,3.9969715072990405e-42
TGATCAGGTATTGCCA-sAML1,1.4368477883464439e-12,0.0,0.0014817066803946058,9.562510267153035e-10,0.9475073334402201,1.8979513013704836e-09,0.051010957023746126,0.0,9.032522292414077e-20
CCTGCATAGAAGAACG-sAML1,5.91644770422822e-17,3.7679663851924176e-143,3.023111481521214e-26,4.1932329187413767e-22,4.2522320022623336e-19,1.0655528809005647e-29,1.0,2.1549963523920573e-137,1.275890781977684e-20
TGAACGTCAGCTGTTA-sAML1,6.93759886871731e-09,0.0,2.7030415704350094e-05,2.8126502632203007e-09,0.999551793179293,8.774545045050849e-11,0.0004211665670078078,0.0,9.627322697120139e-24
GGAGCAACAAGTGCAG-sAML1,0.01955619083550665,2.793958274117258e-111,1.1823000850635941e-05,3.945539902871046e-09,0.9719637736228517,9.763293574789255e-05,0.008370571510953495,1.1314997547345236e-98,4.148549868059756e-09
CAGATTGCAGACCTGC-sAML1,0.0,0.9999999996677733,0.0,0.0,0.0,0.0,0.0,3.3222673874498323e-10,2.2388700500149824e-66
GAGGCAAAGGTCTACT-sAML1,2.960451961593459e-06,0.0,0.9943111894003163,1.2484932897002291e-06,0.00523074626410009,4.191602351321691e-09,0.00045385119873014515,0.0,1.849272897223733e-41
GAGTCTAAGTGGATAT-sAML1,0.000395717424246842,0.0,3.8936948960505566e-10,5.588927698552851e-14,0.00014422207955984897,0.999248504698868,0.0002115554079000442,0.0,2.423541137433566e-24
GTTGTAGCATCCGAAT-sAML1,0.9999215254432615,6.356841823519561e-236,2.987371339315486e-07,4.075971781333309e-10,4.383880272047491e-05,8.279264329932089e-12,3.433660100764764e-05,4.331445972655108e-203,4.3243796346036187e-19
CTGTAGACACCGCTAG-sAML1,5.940891572196686e-262,0.9488349952051925,5.973687971927842e-264,1.0000984973358544e-299,7.535543280403213e-266,1.0470569364395835e-244,1.7530182172816682e-249,0.051165004794807435,3.8586732012783183e-38
ATGATCGTCAAACCCA-sAML1,1.5655790601495942e-284,4.468255409627561e-06,1.5216858590991689e-291,0.0,2.6476739248525857e-291,3.365021271495987e-266,3.6536456927221155e-273,0.9999955317445903,5.374633826401455e-41
GGTGTCGAGATGGTAT-sAML1,5.295510129684426e-05,2.5719985429760674e-124,0.26221658744765697,4.7526910592670925e-06,0.0042984689836128845,0.7100237582086587,0.023403387656237576,5.806099594197062e-112,8.991147763986371e-08
GTAATCGGTCAGCGTC-sAML1,0.0,0.977323100344235,0.0,0.0,0.0,0.0,0.0,0.022676899655764995,2.823070512416312e-54
CATTCCGCAAGTGGGT-sAML1,2.40019384980129e-22,0.0,0.0033205235416319803,1.7676283256954003e-12,8.603329822631291e-14,1.266379483969082e-26,0.9966794764565142,0.0,1.7925164153456636e-35
TTGCCTGCAGCGTTGC-sAML1,3.674949768918504e-33,0.0,0.9999999999937521,1.0359564916838603e-14,1.514737014306432e-13,3.0888234834164584e-19,6.086008634212585e-12,0.0,7.626787788409783e-23
GTCTCACTCTCAGTCC-sAML1,0.0,0.056213032759649485,0.0,0.0,0.0,0.0,0.0,0.9437869672403505,1.3327777186637931e-65
TATCGCCCAGACCATT-sAML1,0.032085929205748556,1.020733564863953e-72,2.560053675608109e-05,2.26136777459219e-07,0.029695991524845478,0.7565463452268776,0.1816458912221662,9.683270438036723e-63,1.6146828538482684e-08
GAGTGTTGTATCATGC-sAML1,0.0,0.714383033323758,0.0,0.0,0.0,0.0,0.0,0.28561696667624203,1.0183064027738311e-62
TCATGTTCATGACTCA-sAML1,0.02802211001585206,2.0493523017845073e-295,3.261093143387062e-08,9.555710343322501e-11,0.9227859012899036,6.633105445046623e-21,0.0491919559877557,1.6942044004086991e-274,8.853174581117267e-22
CTTAGGAAGGTAAAGG-sAML1,0.000905266982782162,2.2216718375617237e-282,0.000761419920309639,5.5230029018013755e-08,0.0038092918975254153,0.9923843858689594,0.002139580100394302,3.04563145850703e-247,1.0249119955887476e-17
ATCTTCACATTCAGGT-sAML1,0.00809423799555218,2.6872704865945915e-220,0.002674943987417514,7.123100124550259e-06,0.9821781244877197,0.0002242540741451855,0.006821316355015997,4.879402650161805e-194,2.4786327281696918e-14
GCAGCTGGTCTGTTAG-sAML1,1.311870807542776e-05,0.0,1.1900290122804495e-12,7.138237939443413e-20,0.9999843491463271,2.1302313954167394e-20,2.5321444074791785e-06,0.0,8.685068601241197e-44
AGCATCAAGACTCGAG-sAML1,0.030263044018703302,8.335393651285901e-227,0.11910638303092996,0.0011349871672200896,0.0370413244507232,0.8012432381484025,0.011211023183062052,1.7163086634865336e-198,9.588887870871245e-13
TCTCACGGTGCAATAA-sAML1,2.731924230555478e-08,0.0,0.00015913722148309256,2.3392944490413748e-12,7.240911202189257e-06,0.9977932269355522,0.0020403676101810376,3.7959269556567804e-308,4.668626472532062e-20
TCCATGCCAGAAGCTG-sAML1,0.00020315443881935416,0.0,8.285399464555238e-08,5.649039575107905e-10,0.0009556161028618106,0.9981156383268578,0.0007255077125625743,0.0,1.9462620365701173e-24
AAAGTGAAGACTCTAC-sAML1,0.0,0.999999999999998,0.0,0.0,0.0,0.0,0.0,1.938216385319617e-15,8.741848743974962e-127
CACGTGGAGATTAGAC-sAML1,4.9497359780941275e-06,1.3837111535231672e-153,2.978147535445224e-06,2.8868174257316696e-06,4.132115013867199e-10,4.405024718714836e-10,0.9999891844430009,3.5475016322522536e-130,2.345665650155726e-12
AGTTCCCCAGAGTGAC-sAML1,2.9663445904362592e-21,0.0,0.9999999906876701,1.9894586770093333e-13,4.107444637628867e-09,9.753352479912973e-16,5.20468543171128e-09,0.0,7.547832527012229e-28
GGAGATGCACCAGTAT-sAML1,0.003348458207671596,2.724113394952705e-308,0.000350391346242727,2.9252879263202217e-09,0.3608753831919161,0.6211312430483857,0.014294521280495801,2.4499924256172097e-272,6.235694158016535e-19
ATTGTTCGTTGGAGGT-sAML1,1.2723511579719007e-06,9.617224682388369e-167,0.9210915125286836,0.003897764026391997,0.00016124443597162144,0.06634147353542605,0.008506731398091511,4.9420291844170835e-151,1.7242771759828871e-09
AAGTACCTCATCCCGT-sAML1,1.8776056474105835e-11,0.0,5.776546795109491e-05,4.972221287598193e-10,0.9998843524760709,6.105711343128137e-08,5.782048286659284e-05,0.0,3.169148927703277e-39
ACACAGTTCGCTGTCT-sAML1,2.135577451150775e-16,7.548419900259554e-218,0.0308747381176488,2.6827622346760527e-08,4.027566195593362e-25,5.1617577483152634e-23,0.96912523504817,6.171466862990083e-199,6.5585292078978545e-12
GATTTCTCACATATGC-sAML1,0.0,0.5522676663198889,0.0,0.0,0.0,0.0,0.0,0.44773233368011117,1.9346952282392532e-95
AAGCGAGCAGTGACCC-sAML1,1.8037135589258383e-09,0.0,0.0003730161950123961,1.9850058217305386e-07,0.0002140349687875221,0.9991763823537606,0.00023636617814362708,0.0,3.387747352879491e-33
GAATCACCAATCTCGA-sAML1,7.625910130440353e-29,0.0,0.9999999996859521,5.312030296248018e-19,2.50809313055013e-19,1.2991836878595339e-23,3.1404791645048616e-10,0.0,9.392655457562788e-58
GGGACCTCACATGTTG-sAML1,0.0003106725176969519,0.0,8.44769241802831e-07,7.390721797696578e-13,0.0043702459021467315,0.9934387823205214,0.001879454489654049,0.0,1.124801057026591e-25
GTCATTTTCGGAAACG-sAML1,9.0668434187082e-08,2.341289664564207e-309,7.868166700084205e-05,3.4852264573247143e-10,1.259459931038481e-10,7.521009005712364e-08,0.9999211519800062,2.0699435680809945e-270,1.013548446527135e-19
ATCCGTCTCCTAACAG-sAML1,4.0773563309688104e-13,0.0,0.006707356993034898,4.6982052776608045e-15,1.4333460550098844e-05,0.9932769868240428,1.3227219598440546e-06,0.0,1.758042489714558e-36
ATTCCCGCACCATTCC-sAML1,9.664932436360548e-10,1.0207409442103208e-221,3.762998286817877e-07,4.203793262881533e-08,0.9995384637318293,5.8177911265337215e-12,0.00046111695809410245,1.2637299002594915e-192,4.242946248222665e-15
ATACCGAGTAGTCGGA-sAML1,1.0520627736146613e-16,0.0,0.9422846891811191,5.894847736694153e-06,2.7413889405652675e-07,0.05770851936732215,6.224649279336766e-07,0.0,3.3916965831771607e-44
ATTACTCAGCGACATG-sAML1,0.00921159435969372,7.665682898158617e-110,0.09916621653635094,6.505103130431801e-08,0.5808016809107581,0.07216086761987518,0.23865904020218698,2.0914688930107197e-100,5.353201037505182e-07
ATGGTTGAGCACGTCC-sAML1,6.114816520511478e-304,0.9999999999999951,2.94022462249995e-306,0.0,5.31460628887286e-310,1.3529645460875409e-292,4.344252098059042e-289,4.828105628116582e-15,9.50111047876949e-45
TCTACATCAAAGAGTT-sAML1,4.28785587810811e-12,0.0,0.00987692960800436,2.8318764289804413e-08,0.9834349686227296,3.229269761386025e-10,0.006688073123286833,2.4544318963e-314,2.588740360919465e-18
TGCTCGTTCAGATTGC-sAML1,0.10381745320334991,8.974598770196633e-235,1.5353111661116325e-07,9.409641282348595e-09,0.010253182336564153,0.8800136298764194,0.005915571642908667,6.520099989716793e-203,6.864538202784037e-17
GTAGGTTCAGTAGTGG-sAML1,1.3138755105373217e-07,0.0,3.763801629974135e-09,9.744475572443805e-13,2.044106708980933e-09,9.507271928435123e-14,0.999999862803471,0.0,7.880571490546628e-37
GCACGGTAGCGCACAA-sAML1,4.249879226856176e-05,0.0,4.145621955625506e-05,8.382845557707927e-11,0.0010414024779134999,0.9844773526257001,0.014397289800732994,0.0,1.3752723184079926e-24
CACAGGCAGGGTTTCT-sAML1,6.573737701973258e-13,0.0,1.6456780338945168e-06,9.45197642349479e-10,3.874790592440239e-21,1.2253872948924896e-42,0.9999983533761112,0.0,1.5832522317886923e-38
GCAGTTACAGTTTCGA-sAML1,0.9997024491638599,9.670721500373264e-179,2.707786538947967e-14,4.407033931767243e-17,0.00010933473395379152,0.00018697029740642493,1.2458047528819467e-06,4.622132950577425e-150,1.8408034714297727e-20
CTCCTCCAGCGCATCC-sAML1,3.4057878669313724e-23,0.0,0.9948776779682601,9.755472548238549e-14,1.9178592547618305e-13,0.005122320870456909,1.1609935066096012e-09,0.0,9.431464729844477e-49
ACACGCGTCCACCTCA-sAML1,0.0007683463202829315,5.5285026588838e-207,0.0023167182479579686,0.00015117905385698073,0.01556188302107123,0.9546040991890254,0.026597774166273555,4.6065332376771447e-181,1.53184726300453e-12
AGGTTACTCCCAAGCG-sAML1,0.6316305911784316,1.4803397945023197e-231,2.8260243584139643e-12,2.4385779897624214e-13,0.004942896354448316,0.35796454857615506,0.0054619638878951856,3.9405699222409926e-196,1.647300613635971e-20
TTGAGTGTCACTCGAA-sAML1,6.384798088521061e-13,0.0,2.6559895351494186e-05,1.3960333741153737e-16,0.9999433838127713,4.8323209724339e-14,3.0056291190220365e-05,0.0,9.571464720831218e-32
ACAGGGACACATGACT-sAML1,0.0,0.9993223365417728,0.0,0.0,0.0,0.0,0.0,0.0006776634582270877,1.707887975052867e-66
CTCATCGTCCCTTCCC-sAML1,5.5135105715775683e-11,1.2567264434099874e-306,0.004612878347950428,1.978156670078263e-05,0.9870477256935596,3.715393685035123e-11,0.008319614299498918,1.3674688618769865e-270,1.3267129832835748e-15
CTATCCGTCCCATTCG-sAML1,0.9989130269638711,7.205311808266508e-183,1.4007425639427712e-09,2.084210378286601e-12,0.0002436630985660533,0.0008385982511165128,4.710283619529252e-06,2.2018874994195737e-158,4.108953032656186e-17
GTTAGACAGTAGACAT-sAML1,2.749045681680945e-23,8.274449472761661e-259,4.845407803689065e-18,1.0,2.1804994886909394e-22,1.7935997314179484e-18,6.183531196537541e-19,1.786568726303706e-232,1.464538373575337e-27
CCGCAAGTCGCCGTGA-sAML1,1.9421382884e-314,0.010487299351289121,5.645893335e-315,0.0,0.0,1.2957991643629378e-298,3.4006671477181047e-295,0.9895127006487109,8.838747712581491e-47
TATCTGTGTACAGGTG-sAML1,2.516964684344229e-07,2.763751551304796e-309,5.394764417713206e-13,3.3377376873088564e-12,5.228471594463183e-09,1.2921809730473463e-07,0.9999996138530854,3.254101966801141e-269,2.6221381447229218e-21
GGAGAACAGATACATG-sAML1,8.709439554479447e-19,0.0,5.123251436605709e-08,3.461868846512374e-09,1.3730056605072284e-08,1.220518886475478e-19,0.9999999315755601,0.0,5.083281303654136e-32
ACTGATGTCCCTCATG-sAML1,0.34423593777621914,0.0,7.733935046855876e-05,4.664670777046564e-10,0.0031953064426585237,0.6504325550213675,0.0020588609428191258,0.0,2.0462096403642425e-23
AAGCCATAGCACCCAC-sAML1,1.4654008122730138e-22,0.0,2.152809465923027e-09,6.88832890513745e-15,1.7051701291931658e-25,6.058993562618898e-35,0.9999999978471836,0.0,6.191020066606773e-38
GGCAGTCCATGTCGTA-sAML1,7.989810978606846e-06,0.0,0.005670973206297352,1.1318874752433468e-07,0.8267894547092063,2.7352667507900695e-13,0.16753146908449665,4.40736e-319,3.7647698517767875e-21
AAGTACCCATGTTACG-sAML1,0.0,0.00023544859740768457,0.0,0.0,0.0,0.0,0.0,0.9997645514025922,3.330745493639644e-57
ATTACCTCAGGTGTTT-sAML1,4.637658124692682e-28,0.0,6.508049229226801e-06,2.643283387002491e-11,0.9999934829913596,7.501182330642105e-34,8.932978265411917e-09,0.0,1.660868453529676e-39
TCATGTTTCGGAACTT-sAML1,5.436662738540898e-07,0.0,0.41012479929441165,7.934952463924638e-05,0.5799849027406492,0.001135945660888814,0.008674459113137299,1.325263876197482e-307,1.178059679196078e-17
CAACGGCCAGATCATC-sAML1,0.004400421560174757,5.91409729e-315,2.527948902832442e-05,1.248881357464685e-06,0.05326840211330221,0.9418192756363503,0.0004853723197869412,2.0118449769220354e-276,8.40211894349614e-20
ACGGGTCTCGATTCCC-sAML1,1.280934493893328e-267,0.005778008530357349,2.965404669890197e-272,2.6994581948825e-311,4.3977647647139903e-274,1.3768869153816078e-250,4.077698036848995e-257,0.9942219914696425,2.537579186499223e-40
TCTATCACATGCAGCC-sAML1,0.03294560815685731,2.7563423827580992e-179,7.652475945322395e-07,6.933367661001692e-10,0.9576489184669472,4.701664521398241e-05,0.009357690790034966,2.1931564790248062e-157,1.514178917953445e-14
CCCTAACGTCACTCAA-sAML1,3.799310297851786e-260,0.05335005450351332,3.1580712106450984e-264,5.344802460830873e-302,7.921720217101967e-268,2.7755175323096443e-252,3.376641398637012e-250,0.9466499454964866,1.6296946593338324e-39
TCGCTTGCAGCGACAA-sAML1,2.4735646401390453e-11,7.513166850573568e-159,0.026707933796062035,8.609937096953448e-06,0.9670294501002394,2.803858960783172e-11,0.006254003201440958,1.0550586952333924e-141,2.9123862043650136e-09
ATATCCTGTGTTCGTA-sAML1,0.0009062685698520273,0.0,2.3662732509752455e-05,2.1083463103577484e-07,0.9558095487709773,1.5966266237850438e-11,0.04326030907606359,0.0,9.640323318662042e-23
CGGGTGTAGATGGCAC-sAML1,2.3477904044512586e-05,0.0,0.04655062799194762,6.241488918097321e-06,8.596197211917039e-11,2.6344405005438193e-12,0.9534196525264935,8.094810530395727e-307,6.224577841555632e-18
ACAAGCTCAAAGCAAT-sAML1,1.9116009737434476e-301,0.6802408614203537,3.3135460500568426e-304,0.0,8.053214715985e-311,1.0483743907657275e-291,2.0642338840541785e-290,0.3197591385796462,6.723226793349418e-44
GTGCAGCGTGGCTAGA-sAML1,0.9491002395543864,4.004946559144507e-253,6.121853181759824e-13,4.697273425193591e-13,0.002964458235740172,0.04761460484187988,0.0003206973669116715,3.247673692875015e-213,7.904028066592774e-23
CACTAAGAGCAACCAG-sAML1,8.306798465969998e-13,4.303253615020607e-240,0.3584546986519542,0.06936476250734103,0.5338055998542903,5.287003888352606e-11,0.03837493892522384,3.5363426138060426e-213,7.48988606982665e-12
GTGTTAGTCTAATTCC-sAML1,2.6104763001495328e-170,0.3865579730483681,3.5091831616547067e-174,2.6612865630491916e-198,5.105741626257129e-172,7.648725883289757e-162,3.3263276202741925e-163,0.6134420269516319,8.255127131147871e-27
TACTTACTCATTCGGA-sAML1,0.0,0.9999999987806962,0.0,0.0,0.0,1.429836e-318,1.72263072e-315,1.219303715450962e-09,5.118479947585834e-50
TGACTCCTCGTGACTA-sAML1,7.199759195124694e-05,7.324524976856449e-99,0.0018032910956566144,9.413162540724605e-09,0.005148293831291348,0.8840908774158659,0.10888541766490298,1.4842058419368172e-88,1.1298716933709497e-07
CTGAATGTCTAGCATG-sAML1,1.68804991287535e-09,1.266128840235609e-287,0.012537563874410566,3.631286778915751e-06,3.438064967875558e-10,3.5371042375552046e-10,0.9874588024532419,1.4151209321780712e-253,2.0299425759875962e-15
CCTCAGTGTCTCTCCA-sAML1,1.9915451785214143e-276,0.9169876142540043,4.30451821671133e-277,9.877435e-318,3.040916431272976e-281,1.6169273426766036e-256,9.552658127611658e-264,0.08301238574599559,1.7127673154359153e-39
GTGAGCCAGTAGGCCA-sAML1,0.04668892034392395,3.0919406629548337e-248,9.308011794500838e-05,7.960699454147184e-06,0.04093268431624177,0.8961451903101414,0.016132164212293618,3.258616206663215e-216,1.0774391365739141e-16
CCACCATGTTGTGTAC-sAML1,0.0,0.9747027426523165,0.0,0.0,0.0,5.3e-322,0.0,0.02529725734768366,9.460805638378853e-49
GTCATCCCATTCTCTA-sAML1,0.0004747404602291052,5.6221096140097664e-213,0.1799272348175793,9.09135697460279e-06,0.013199182162060515,0.7878902889353119,0.01849946226528036,1.343238790002443e-188,2.5642923137101954e-12
GTCTTTACAAACACCT-sAML1,0.49766927959485124,1.0748760028713897e-104,1.1127461545358988e-11,0.5020742027721301,4.255806138265795e-05,0.00015660087173458064,5.735868826387402e-05,3.483623941553321e-88,5.10306978837051e-13
TAATCTCTCCATTGTT-sAML1,0.950389241266574,3.3454753820735972e-242,3.182029698858622e-08,4.0949591021287e-09,0.012148226656316069,0.03713998516552533,0.0003225109963284114,3.1615395005621897e-209,3.497448586086137e-18
GTGCGTGTCGAATGCT-sAML1,9.319544316742504e-07,0.0,0.40091506067035637,7.403927512650113e-07,0.00041665955149928043,0.5981087115513068,0.0005578958796543705,0.0,1.8546847417265542e-21
CCGCAAGAGGAACTAT-sAML1,0.06597609667770246,1.794989414655563e-287,0.933532074421527,9.904844567253422e-09,8.250493332522831e-05,7.822889266873199e-10,0.0004093132803115702,6.184808212195624e-258,3.7200234946922914e-16
AAGCCATGTCAGACTT-sAML1,2.003514402214176e-08,1.2357585641258102e-282,0.9743645456200719,3.962766440473442e-05,3.701126637558513e-05,0.024487182913817195,0.0010716125001773813,1.5194404047123704e-251,9.006269968842058e-15
GTGGCGTTCTCGCGTT-sAML1,0.9897103839710131,4.22916925544587e-86,1.8782743005932002e-05,2.196777105411122e-09,0.0007267201910273805,2.888286036709874e-10,0.009544109842929548,1.1657283142024942e-73,7.66418328364888e-10
CCTCTAGCACCTGTCT-sAML1,2.3020212369587715e-05,1.1735376343951218e-158,2.6675288816631007e-07,3.3316402462638225e-11,0.9968074306878403,0.0003067957118795314,0.0028624866016015915,6.775731972902922e-141,1.0444737006922755e-13
AAGCGAGCACCGCTAG-sAML1,0.07456992892502771,7.201784427165019e-297,4.7042841498076866e-06,1.061166824678279e-08,0.030864384037582494,0.8848348637652452,0.009726108376326459,1.4821149097499405e-257,6.640010596353607e-19
TACGCTCGTCTAATCG-sAML1,1.54766e-318,6.427780701296253e-06,0.0,0.0,0.0,6.3305030220064e-299,4.796519836345288e-307,0.9999935722192986,1.0398896258958885e-52
TTTCGATCAGCACACC-sAML1,6.3537e-320,0.788934408155247,1.206e-321,0.0,8.4e-322,5.968286836014862e-302,2.871627621604671e-304,0.21106559184475293,3.8068570745755917e-47
CTAGACAGTCGTACTA-sAML1,2.7746171272943223e-78,1.5955806216923e-311,3.603302989124501e-76,1.133516642294891e-96,2.118214711436257e-79,1.055255976149195e-68,4.055887454218617e-72,3.4324473662219564e-273,1.0
GTTATGGGTCGAACAG-sAML1,2.021598454579042e-13,0.0,0.004025536074388196,8.56522044845069e-19,2.763333322998044e-06,0.9959367281271642,3.497246492237686e-05,0.0,4.978276524780461e-53
ACTATGGTCTTACCAT-sAML1,0.00781464423131619,3.789452580611011e-214,0.025995797808023833,3.6321225920803882e-06,0.9584858087395266,9.675985749289455e-05,0.007603357239288218,1.6300635353158597e-189,1.7603940901890705e-12
CCACAAATCAAGAATG-sAML1,9.667493432703763e-05,2.166808140984001e-152,0.9377351430511465,3.797498317820992e-06,0.0019267064540858506,0.0524967105507861,0.007740956604940531,6.805413691403045e-137,1.090639596808336e-08
AGGGCTCTCGCTCCTA-sAML1,1.0315821028384721e-247,0.011044249500664405,2.795677414396712e-253,1.1264704751729511e-287,6.797871900259072e-253,1.6036284233188926e-231,1.3144699276907516e-237,0.9889557504993355,3.246499945470725e-39
AACCTGACAGAGACTG-sAML1,0.0011088305137651288,3.9593068892783975e-165,0.38218552491093805,0.0008793638626573988,0.0077753194338773274,0.5744783118518668,0.033572614513115044,7.266401383784978e-148,3.491378012781381e-08
GCCCGAATCATGCCAA-sAML1,7.320224278558665e-06,1.5128777899789835e-308,0.9803562007142691,3.0990670913477115e-06,0.0009524175456641058,2.540923337123895e-11,0.018680962423287577,6.860017463718387e-288,8.039556519238993e-18
TGCGGCAAGAGTGTGC-sAML1,0.0,0.02863966345046838,0.0,0.0,0.0,0.0,0.0,0.9713603365495316,1.8160408448230144e-78
GTCAAACCAATTGAAG-sAML1,0.0,0.999999999379434,0.0,0.0,0.0,0.0,0.0,6.205660269237844e-10,2.6261096790180126e-58
ATCAGGTCAAGTTCCA-sAML1,0.0,0.0026707621080052854,0.0,0.0,0.0,0.0,0.0,0.9973292378919947,4.492191377136605e-74
TGAGCATTCTCTCGAC-sAML1,6.900981575084496e-23,3.48798660349748e-256,0.35779843564280556,4.148799937488656e-08,0.6421164411280216,1.5828017178994526e-36,8.508174110147253e-05,8.544186624753453e-231,7.187584381087097e-14
GGCAGTCGTGCGAACA-sAML1,2.4317772465715906e-07,0.0,3.6075993230018586e-05,1.1315372839500151e-08,8.382989375669453e-05,0.9995361924089049,0.0003436472110111105,0.0,5.663684072113651e-26
CATCCACCAATCAGCT-sAML1,1.2671412993775846e-68,0.0,3.5169673624852713e-66,1.0,1.4100443372379523e-68,3.840856422776193e-65,5.6085897572030946e-62,0.0,1.7239992743860587e-78
CACCAAACACGAAGAC-sAML1,0.011615559945972133,5.5247084190572744e-80,0.003082610242670437,0.004203670251955316,0.003841111163088223,0.5837209417338884,0.39352980778802543,4.105210900498389e-69,6.2988744002389915e-06
TTGGGCGAGGCGACAT-sAML1,3.4233120033854176e-05,2.374640125080909e-222,1.1271752945096545e-05,6.156888624432385e-10,0.0013599569817776527,0.9921604958527719,0.00643404167678183,3.661239290091056e-195,1.0990357783455504e-15
TCCGAAACACAGCGCT-sAML1,0.0,0.06315956130188626,0.0,0.0,0.0,0.0,0.0,0.9368404386981136,1.8521014079037684e-64
CAACAGTGTAGTCACT-sAML1,8.541074273529564e-09,0.0,0.03977906424881734,1.2411709328449618e-07,0.001151772713123533,0.9520117248500011,0.007057305529890538,0.0,9.456037949415133e-24
GACGTTATCTACTTCA-sAML1,0.34115027780029256,6.0261134425889e-214,0.0022132708530207155,9.039935678349978e-06,0.04397857579528752,0.5997540705373255,0.012894765078074017,6.737026529501216e-186,3.214550075868774e-13
AACACACTCAGTCATG-sAML1,0.0,0.07151648104459678,0.0,0.0,0.0,0.0,0.0,0.9284835189554033,6.505613631366157e-88
GGGAAGTCACTCCGAG-sAML1,0.003845304621711315,1.300343925406407e-275,1.1064157589667984e-06,9.072737828536634e-08,0.015147175997159786,0.9796959584429812,0.0013103637950104986,3.2985248784146184e-241,4.867847072224423e-19
CATCCCATCGCCAGAC-sAML1,9.116506744664948e-241,0.8227148951525975,1.9028469520345622e-242,1.8544347320364056e-277,9.338642707868823e-245,1.8679899718154495e-223,3.763321223083168e-229,0.17728510484740237,3.875225389371915e-35
CCGAACGCAGGTTTAC-sAML1,0.13694880713635013,3.2542197189996355e-295,0.858711639855876,0.00010727606618465226,8.317957669071384e-05,1.0006188519391645e-09,0.004149096364279305,6.690663782370065e-260,1.5364661770081173e-16
CTGAGCGGTAATCAGA-sAML1,9.137331944420648e-28,0.0,0.9999999999987939,1.1591670118369148e-19,1.4180717390078815e-17,1.2061791025462309e-12,1.6342690680742015e-17,0.0,5.988312590089138e-64
CGTTCTGAGACGCCAA-sAML1,0.017985705123251913,9.237841343490417e-255,0.000830405109774211,1.0354032518004605e-07,0.019138170752496464,0.9569956741218321,0.00504994135232001,1.332736841458964e-223,2.5841789595611623e-16
CCCTAACTCCTTATGT-sAML1,1.4532711529229474e-14,0.0,0.007301903253014415,7.277399202418767e-11,1.255791938614216e-25,2.7893468457177394e-24,0.9926980966741972,0.0,1.1596977959957943e-24
CTACCCAAGCGTACAG-sAML1,0.00028592560977612854,0.0,1.154782563712984e-09,8.495136439487537e-15,0.0011252454839850272,0.9985601882470021,2.8639504445702283e-05,0.0,6.520879199913781e-37
CTCCGATGTATCGATC-sAML1,0.5674989497514235,3.695160624115016e-299,0.0018227369485924716,6.011867436845928e-10,0.40583556264938786,1.832188472979668e-09,0.02484274821722096,9.770256428071106e-274,3.719386960026033e-18
CCATAAGAGGTTCCAT-sAML1,4.1507821875877753e-41,0.0,1.0,3.669798370485332e-20,3.865944781089747e-23,4.515564596313447e-55,4.154065308610589e-20,0.0,1.3488077577978707e-50
GCAGGCTAGGTGCTGA-sAML1,0.0,0.9684726970343093,0.0,0.0,0.0,0.0,0.0,0.03152730296569068,4.6260027438749117e-85
GAGTTGTAGCGACTGA-sAML1,0.008637351755971107,2.0034300294273696e-180,0.14356266010281088,1.3400697442839256e-05,0.003290076162697785,0.8231140597379073,0.021382451491760483,1.765890117015706e-160,5.1409656492481425e-11
ATTCGTTAGGATTCAA-sAML1,0.021617362428508303,6.104282683761347e-135,4.3528610465782394e-10,6.288500584796741e-13,0.5278988899769145,0.004518289162242869,0.445965457996376,3.4783937387702756e-113,4.342220002397673e-14
TTACGCCCACGTGAGA-sAML1,1.164669728767272e-07,4.5185616551299135e-228,0.3754662828290731,0.00014618430575082548,0.0022003161628631903,0.5960042891618664,0.026182811049126845,6.415945676671966e-202,2.4346836844308034e-11
CCCTCAAGTCTTTCTA-sAML1,0.4774536504829763,2.52302525860536e-185,0.00019987760434331101,3.586891061620165e-08,0.0147742536470737,0.501879467852008,0.005692714542114517,3.226788908208291e-164,2.5735350971239277e-12
AGGGCTCAGGTCTTTG-sAML1,1.867447164936147e-21,0.0,0.09206517792025101,4.754312463684698e-10,1.242856964352446e-09,1.3749298006722808e-26,0.9079348203614609,0.0,2.020506598932669e-54
