index,0,1,2,3,4,5,6,7,8,9
TTACTGTCATATCTGG-AML3,0.0002653493189159156,0.001328438224947767,8.414703247533113e-07,0.0010359354809334619,6.981042569023066e-34,0.042187701721173934,0.0024326128257700767,0.001145638202263537,0.9505548547176136,0.0010486280380569543
TTGGGTAAGCAGCCCT-AML3,4.914465877949286e-05,0.001541303930716686,0.0007061836441445655,0.6348864043925335,1.1458736734360442e-22,0.03445895662814861,0.30711755157625636,0.01612898644901122,0.004553972168577004,0.0005574965518324078
GTACAACTCAAAGACA-AML3,0.006365307151055097,0.011992850253842004,0.0012968192409773482,0.01819517949060287,4.9489082864657304e-29,0.6319175117931063,0.29870832884176607,0.0023952351925388706,0.027247189189563314,0.0018815788465482205
TGATGGTCAAAGTGTA-AML3,0.00012234133602045526,0.0010427879840055239,0.0034727036397599748,0.9750229280969029,4.3599198153325756e-24,4.573907978375077e-05,0.00263239830132609,0.007125185819331398,0.01052947407721505,6.441665654833e-06
GACTCTCTCTCGGTAA-AML3,9.66363152718262e-07,0.02562942172476637,0.07125727322878597,0.02979100868057419,1.7109621747967352e-19,5.671531004642765e-07,0.0010193693132818336,0.017182267046274704,0.6835487954774921,0.17157033101257163
TTCATTGCAAATGCTC-AML3,0.0017265173620837151,0.005514209376247575,0.006939531833610858,6.448955950909792e-05,1.8324565626076373e-37,0.001076399454587716,0.0003832944946660776,0.9842706990018635,2.3330701740090724e-05,1.5282156913690524e-06
CGGTCAGAGCGAACTG-AML3,4.148729072374329e-07,0.9998413623908196,0.0001574266186141059,5.623568704127114e-12,6.368272158671002e-28,2.351823473722656e-16,4.070636414319952e-18,4.885213104523783e-08,3.7574200649259e-13,7.472595286748964e-07
CTCCTCCAGAGGTTTA-AML3,2.6033452988816225e-08,0.9993288997272147,4.986305860165502e-06,9.321472402463762e-08,9.685397173738348e-18,2.6264335770260735e-07,1.2650185495539528e-07,9.885529053892454e-05,1.6042473284996264e-07,0.000566589858263568
GAAATGAGTCTACTGA-AML3,6.334532084902837e-12,0.002025524477265701,0.04451156003878879,0.79732362737684,1.1858434647517446e-21,2.319420717422187e-13,3.264393841370807e-07,0.002114209919808532,0.014052602891968843,0.1399721488493775
GCCCAGATCTTTCGAT-AML3,3.6854410056289007e-06,0.000660856410593115,4.505482333218853e-09,0.003708550035033392,1.4301512923271793e-25,6.94970960872983e-06,6.509655413136661e-05,0.011534173368043826,0.9840161738046203,4.510171481157646e-06
TCATATCGTGGCTTGC-AML3,0.0010478842460620796,0.52094620792919,0.4779863252720033,1.2175163547314595e-07,8.371582969035099e-38,2.2767662159076997e-08,6.668959559997878e-06,6.725773868476042e-06,4.673738103879966e-06,1.3695619146671211e-06
ACATCCCGTTATGACC-AML3,9.90442908133243e-06,0.9861490120635177,6.23562788380668e-16,5.381749584080699e-19,1.4686202059604438e-59,0.0019101737051542634,3.888232456967701e-12,0.011930299555952591,1.0031865537662533e-08,6.002105396010243e-07
TCTTAGTTCTGTGCGG-AML3,1.3513277937689002e-09,0.9999992981660958,1.0247581609466294e-07,3.1471443315513515e-13,1.1366590147960525e-32,1.8474883956004852e-14,2.864542196642966e-14,7.41719262474272e-08,1.045835858515279e-14,5.238344618689999e-07
CACTAAGGTCGGTAAG-AML3,0.03601666920338639,0.03511046929388715,0.004444857445678307,1.2560649617770719e-12,3.28275380799347e-18,0.00012361039720409643,0.0028214436507253446,0.9187218731777196,2.130852839024205e-05,0.0027397683017525805
CATCGCTCAGCGCTTG-AML3,4.173206755693527e-06,0.0027684811640615874,3.2167302361482696e-09,0.0049827895556769485,8.048475169880546e-35,0.9556051131981369,0.03150967472900932,0.0002931028716620892,0.001330633595783834,0.0035060284621834877
CGCCAGATCAGTCATG-AML3,8.556384773316063e-11,1.1157427905640527e-05,0.010421330701657282,0.98948421497452,1.8097517201287657e-33,4.647063452336695e-12,1.723684382724553e-05,6.110177159865953e-05,1.7952413575803016e-06,3.162948922768858e-06
TCCGATCAGGGTACGT-AML3,2.905599279006938e-14,0.0038790239049955547,4.0516641497074146e-05,0.1959884448923022,1.171497649978963e-13,3.513989271858622e-12,6.40964106763418e-05,0.02394565168870508,0.0008906197754253188,0.7751916466827383
AGAGCAGTCGCATTAG-AML3,5.964095239659803e-08,0.998799641379699,0.0011435949818835256,1.3534219173652077e-21,3.582797238126229e-24,1.5451305152600265e-16,8.515834537398647e-24,5.6703975327012536e-05,1.2920824968314478e-16,2.2137478216781044e-11
CCTCTAGGTATTCCTT-AML3,0.007425914084000281,0.005129934830689469,4.532706194614888e-05,0.810320231497221,3.364029116701535e-27,0.0001407605299680667,0.12483378519644311,0.024502156055424957,0.02753995204436859,6.193869993830694e-05
CCCGGAAGTCCATCTC-AML3,5.54419579626589e-06,2.59702126480716e-07,0.9821604411088407,1.1822649794634004e-07,2.773019896397528e-19,1.7047499090845995e-07,5.508480377813024e-07,1.666327183523654e-06,0.017831205011780957,4.4104745490158496e-08
GGAGCAAAGCTATCCA-AML3,0.0001514693381416144,0.0070874068744337815,0.00014533896364309423,0.008562589444329,7.683731836231175e-25,0.6127422293096331,0.1100529143602773,0.0007000364696326851,0.2601104944778645,0.0004475207620449012
CATCAAGCAAGCTGTT-AML3,1.419686772612704e-11,8.508499461880724e-05,8.518679929175471e-08,0.008061614259653092,4.520656961591202e-70,0.8256173275987325,0.0013151981831732605,4.20474232624684e-06,0.16491631792278763,1.6709771225747625e-07
TCCCAGTGTGTTCCTC-AML3,0.0005763779598770229,0.026917545005077457,5.642984739362645e-07,0.03529729919321129,1.1673217818399941e-26,0.22990168758598636,0.009178026828722709,0.008304926021766504,0.6831439852633876,0.00667958784349708
ACGCACGGTTGATCGT-AML3,1.7822607207593128e-07,0.9985386206278254,0.0014611861032448633,6.285756246240857e-23,2.164135019129238e-54,2.532556142191175e-22,1.255237123901763e-16,7.851629277301776e-13,2.2381598070598902e-23,1.5042072232990388e-08
GCATTAGAGCCAAGTG-AML3,3.487895471264469e-05,0.0006009696697612448,3.201151844037184e-06,5.3019173634665724e-14,3.2494805485303757e-31,0.07497857826530535,6.224795192859939e-12,0.9243696503871711,1.263538473126045e-05,8.618019640508701e-08
TGTGCGGAGAACTGAT-AML3,0.008892279953930243,6.384561826285337e-05,2.376488819094846e-05,6.651413744786021e-06,3.381933505364711e-33,0.9686927607053528,6.574509859326844e-05,5.876575002081749e-05,2.1631034216381814e-06,0.02219402346848269
AGGCATTTCCCTTGGT-AML3,7.123669365539503e-06,0.00021294937884486318,1.1419743921579116e-06,0.9303643936811006,8.229093360195879e-28,0.06643295570390723,0.0025493426800575945,0.00035426077085517067,1.920545366935183e-06,7.591159610992652e-05
GAGGGTACATTCATCT-AML3,1.57343742536916e-05,0.005564120015815821,9.183746372656635e-11,0.003187959387082425,2.1127025091527604e-38,0.6779394415859756,0.041164606159527176,0.0005097970483606067,3.378526471710634e-07,0.27161800348450005
TCATTACTCCCTGTTG-AML3,0.007202860893720816,0.008820502963015132,0.004796398544340011,0.03373216226701913,4.311108525373832e-20,0.0068827341925666,0.0036754127523347846,0.051390064898023335,0.8569039797119283,0.02659588377705181
GCCGTGAGTCTCGGAC-AML3,0.06956138224135916,0.0033216072626782826,4.633298078787906e-05,0.08809313335823633,9.184696372633354e-21,0.7559106362739276,0.004351921644097188,0.0023471061684515065,1.0645789030538413e-05,0.07635723428143137
GTTCGCTTCGTAGGAG-AML3,0.021655128710127692,0.04808448785550759,1.5452784644551528e-12,1.0267348432997644e-16,1.8887083775344634e-43,0.010620531223282898,3.1529560680187585e-13,0.9156529851567312,7.432128834920678e-05,0.0039125457641405155
AATGCCAGTCTTCGAA-AML3,0.9280475309589714,0.0004806390394878841,0.0014976178560240012,0.03134800212326528,2.323530412910409e-36,0.0031519188931665326,0.034146463307485116,0.0002752224651938499,2.8737650934396553e-05,0.0010238677054716584
TAAGCACTCACGGTCG-AML3,0.03934629658840153,4.7251172420586007e-05,0.9582831331004538,5.457944621854449e-05,3.507100296877799e-21,5.46465649598486e-05,0.0009966068810930398,8.232460086394785e-05,0.0011249690523751294,1.0192593213879164e-05
TCAGCCTGTTTCGATG-AML3,8.307309283453925e-08,0.0010136980114436218,2.601167065254123e-09,0.00030099641379267156,4.8656261205289236e-29,0.2353706922124703,2.2002205182506643e-05,0.0004102946834522233,0.7627130621058889,0.00016916869350981704
TCGTGGGAGCCTCACG-AML3,8.989941024778084e-05,0.0005591219677550418,0.0002286069169670427,0.0016555868232795488,1.943782585862488e-21,0.0052098612042512545,0.0003078660250674052,0.0003017364238934567,0.9914871727172067,0.00016014851133165447
GAGGGTATCGCAGAGA-AML3,0.9862375597032589,0.0002766411494649547,0.0035452922764986077,0.003638357412589029,1.0862423399979535e-34,0.00039128112815253616,0.005357873569178114,9.938315409246217e-06,5.335869115884293e-07,0.0005425228585368628
CTTTCAACAAGTATAG-AML3,0.011558492560450554,0.0025224006705375766,0.0017512891486615649,0.01041179281300553,1.2290687549231348e-25,0.0009731644913444506,0.9538622722391251,0.001249197319654231,2.677165884170013e-06,0.017668713591336614
CATGCGGAGCCTGAAG-AML3,5.8343202136895996e-08,2.5925403276273442e-05,0.01759777081757493,1.006004224552804e-05,4.7779672071655685e-35,3.550783393666906e-06,0.9816341148640981,0.0003832638104110416,1.2805430439490048e-07,0.00034512788149378273
ACACCAAAGAATCGAT-AML3,0.10907530753448097,0.003844554473903212,0.2562228175676315,0.3601563005219503,4.423530132824313e-22,1.118730332863895e-05,0.2407421111582653,0.011976384936510537,0.017880686412185078,9.06500917445604e-05
TTCCGTGAGACCATGG-AML3,2.5081576536411724e-09,2.2722872423232523e-06,1.7429046648763484e-05,3.118388381722975e-08,8.601527038985072e-49,2.394617250756228e-06,0.00011393494215558483,5.914646078840238e-06,0.9998579985026034,2.2265978896633882e-08
AGGAAATTCTGGCCGA-AML3,0.0007619785056063805,0.0012110657177037806,0.8297357015692977,0.0018160047880019662,1.44352807916844e-10,0.00034720545222706597,0.0011267505379849334,0.00922419624724526,0.15570086815995207,7.622887762814318e-05
GATCATGTCTCGTCGT-AML3,1.218487206452236e-28,0.011586247845293727,1.6213117008844836e-08,1.1516062419768853e-08,6.140220968541977e-35,1.4270717439754167e-35,3.5513635463315764e-25,2.8678449277608984e-05,0.0049933933010971425,0.9833916526751522
GAGTCATAGCAGGCAT-AML3,0.017163396044904345,0.059348602158598496,0.002337449334200646,0.11312747318168685,4.285371059523791e-15,0.037167518253353606,0.6296605033300074,0.09435860571138892,0.0102338593266255,0.03660259265922994
CTGCCTATCTTTGGAG-AML3,4.846715669532253e-13,0.999954554500264,1.848373264308976e-05,3.5482096131375463e-12,1.1660311925117482e-36,1.3845542417682166e-19,2.761687113592898e-14,7.510663858946657e-10,2.8637703185698923e-17,2.696101196594722e-05
TTTGGTTGTACGTACT-AML3,2.7834694876147374e-14,0.0017435590550025424,0.0001227318290025507,0.0001568733292533415,2.497097827677742e-38,3.254310729738084e-15,2.8922562283794783e-07,0.00017024323596298642,0.026783005794122915,0.9710232975310017
CAGATACGTAGATGTA-AML3,0.00016409696041339892,0.0005347735317068087,0.010420497013934394,0.052059032285339105,9.37953777598072e-23,2.258273331357514e-05,0.006045423320825262,0.06159961439711901,0.8691530892720437,8.904853046188896e-07
GCTGGGTAGAGCGACT-AML3,5.159579079272073e-07,2.4913205234966957e-06,0.7171075656805077,0.0012606190074100666,4.2104306004849205e-37,9.388677813477286e-07,1.507865863560883e-07,0.00012497585069396906,0.28150250931785953,2.3321072966702728e-07
AACACACCACTACCGG-AML3,0.08532185502671669,0.006930113627906504,1.099313651444806e-06,0.012329371548877364,6.303144305237221e-16,0.8317066871155501,0.011658245858886343,0.014292385194390045,0.01785048362423238,0.0199097586897887
ACCAACAGTCTCAAGT-AML3,1.8127742982979846e-10,3.3401477519128305e-05,0.0006891983993594414,0.00029135510659559686,1.4416135476957383e-18,6.12063224715432e-10,3.5591295799626553e-06,0.002112702892342497,0.9968172050824488,5.257711881393386e-05
CAGCGTGCATCCGATA-AML3,0.1633607952702931,0.03377292543924571,0.007979029259371705,0.08198154756312705,1.0852483496248796e-14,0.11151722932446985,0.10213692043076966,0.037028880630063016,0.34492495227913833,0.11729771980351074
TATTGGGAGCCAGACA-AML3,0.00014841997971663307,0.006566204971540412,0.00020563413328264024,0.9462718170929255,1.985283244901286e-17,0.028270572189961728,0.011813001402673448,0.0024589524126465033,7.80469588683931e-06,0.004257593121366137
GTGGTTATCAGACTGT-AML3,5.121474227059435e-07,0.9990231600324186,2.582471138304074e-07,3.33326800736613e-06,3.094529814932071e-31,8.408966455457174e-07,2.237662139318735e-10,6.0145443377199925e-05,7.920978729225299e-07,0.0009109576433757031
GCGTGCACAGACCATT-AML3,0.10980616461079355,0.012342244088858636,0.012829930462340293,0.6532842239260019,1.142348411879569e-30,0.11423706622059866,0.016651184120061658,0.05162658499319621,0.013521147468999465,0.015701454109149707
ATACCTTGTCCCTAAA-AML3,0.09678470359870489,0.04510355252587435,0.4272295570747067,0.17997335321125746,2.91387477665956e-15,0.17034749781266112,0.03578915880088431,0.0166740824389913,0.0078620278287687,0.020236066708148273
GTCTCACCACCCTATC-AML3,0.019317991406719266,8.329445760145085e-05,8.46005416858134e-08,3.968324225053778e-06,9.670527306510476e-38,0.8933857535683749,0.07936981980932632,2.1944453787751035e-06,1.0485418593661896e-06,0.007835844845973357
ATTACCTTCCACGTAA-AML3,0.30090306059830174,0.05026036196599494,1.765739791739859e-05,0.5534901153659795,3.1596008047731973e-35,0.0016971689794954576,0.014675464673351835,0.01632192950730299,0.05167424795067263,0.010959993560983643
AGTGCCGCAGTAGAGC-AML3,0.9598692496065151,0.0012205873428076522,0.02856514251301456,0.005668748281681437,4.792656686299226e-21,5.582041330673007e-06,0.00331993740524372,0.000549980623125745,0.00011357536475484956,0.0006871968215262469
AGCATCAAGCTACTAC-AML3,0.0817577429698589,0.025625851715996406,0.00014786936972705452,0.3128593132625365,3.0263950103885734e-22,0.4780697755325931,0.0038424030065412327,0.011506713830268314,0.045101169950150316,0.041089160362328035
TCATATCGTTTCCCAC-AML3,2.776459499878912e-09,0.9999990720781833,1.2315057546318722e-07,1.943088915281832e-26,7.333075753174535e-34,7.430715788505848e-25,7.768338775692835e-24,8.01118285335196e-12,8.337651561454405e-22,8.019867706293162e-07
GCACTAAGTAGGTAGC-AML3,1.095582020721814e-07,0.004327683497830078,8.827737436765448e-05,0.9834263055906731,3.303862288393197e-34,2.677277243466308e-06,0.004276128872283963,0.0028037758108915823,0.0029826445950711647,0.0020923974234367346
GAAATGACACTGTGAT-AML3,0.0532475777749029,0.004234825797872174,0.13365360722165984,0.05879406195457108,1.3098865596504116e-23,0.004674710033176383,0.00027994966044509167,0.0015784005350672203,0.7428716120375072,0.0006652549847981923
TATGTTCGTCGTTGCG-AML3,1.986556808598197e-06,0.0024402279203041264,8.994704910080144e-09,0.0027709085532998854,6.659616616668678e-27,0.9864693498672948,0.0028134477647203293,9.351132118349523e-05,4.224861621833258e-06,0.005406334160061871
AACCTGATCTATACTC-AML3,1.2698623795928009e-08,0.002009414456482559,0.04186969244719696,0.004253800129702457,3.6873998439564427e-26,7.672541790244362e-09,0.004360014712237884,0.002188008192563611,0.9333856013947591,0.011933448295891687
TGCGGGTTCACTCGAA-AML3,9.36988301771176e-06,0.0016779221112008342,5.155682129438082e-13,0.6011733204342514,5.8534656449461325e-30,0.3905740668068317,0.0002707570112001121,0.00016934908948045365,1.9257028425398447e-05,0.006105957635076742
TCGCAGGGTTAGGCCC-AML3,1.582348182681091e-05,0.0004856829545623779,1.559164857629687e-05,2.4145055745416274e-08,1.1746749646004483e-29,3.1016017444069916e-11,2.0030544249473032e-06,3.4706649239204596e-05,9.455274597952048e-05,0.999351615289319
TGCAGATCAAATCCCA-AML3,0.00039470990438987113,0.0008895364281224188,0.014624860474108131,0.8130353991470798,1.263547644198254e-30,0.1058201254606106,0.03535534152333751,0.009355796637325046,0.019763353066249708,0.0007608773587769636
ATGTCTTCAGTCACGC-AML3,0.809154329616244,0.001420376013289204,0.14561467596547695,2.425363044965839e-06,5.915572824999569e-27,0.0004143492299971196,2.7699601644352003e-10,0.04336831706388787,2.3526824099866223e-05,1.9996469640228203e-06
TCGGATATCACTAGCA-AML3,9.558918250662493e-08,0.0006936729635393549,1.371652205340792e-06,9.530294421991429e-08,3.4816608167201488e-71,0.0005517255565365833,1.782385081150691e-15,0.01858369318778058,0.9801686660508374,6.79696972165979e-07
TGCAGTAGTCGATTTG-AML3,9.00730677185252e-06,0.0012386610966593251,7.361623582744672e-05,0.06537001500681978,4.527839805724668e-32,0.9293106263441424,0.0007654163249497369,0.0007966886285473984,0.0019433025130727807,0.0004926665432090306
AGCTTCCAGACTGAGC-AML3,7.441626679792496e-14,0.00013194680962728088,1.6327758264025763e-08,0.0001228105921589101,8.798358039272217e-17,8.193730495731658e-14,2.6174319612349237e-06,0.00028059195601287066,6.446503560262652e-05,0.9993975518467224
GTTTACTGTTGCACGC-AML3,0.0014026700568441396,0.004935057662411965,9.429105513908394e-07,0.9741469445673783,1.263108029086839e-36,0.01429780640247755,0.00028523118536349554,0.0004560270561202795,0.004352770815643507,0.00012254934320947406
ACACCAAAGACTACGG-AML3,0.0025916445720842512,0.0052678755010330406,7.93890564322773e-07,0.9598883376986245,4.263572366349255e-32,0.012995190339211884,7.127390905536687e-06,0.002079641827635367,0.0009664875064305369,0.016202901273510508
GCGTTTCCAATCCTAG-AML3,0.0012039542269865978,0.0020906916598371853,0.0022634415360025884,0.0001007714477989557,2.0390809904059152e-25,0.002972831067464116,0.08160507177811852,0.0033884015167705826,0.9057484151360526,0.0006264216309686819
AGAAGTATCGGACTTA-AML3,0.00016533124269794383,0.05036592842901398,8.244905111296456e-08,2.84855065304245e-10,9.265718390952845e-36,2.465464693468188e-10,0.12764403882807462,0.012189355291674246,1.3517384154132431e-08,0.8096352497107023
TCGCAGGGTCATGACT-AML3,6.466779444040816e-12,0.0008662160758271927,2.324409478182913e-11,0.033437132287888846,7.11570503117424e-48,2.217649076452259e-07,0.9105325313963902,5.016802684874078e-05,1.1228725958832161e-07,0.055113618131167
CGTGAATGTGAATTAG-AML3,6.38750871356311e-11,7.621313734407737e-07,0.0005778733136964573,2.9993140383291854e-13,9.458873400395032e-16,1.1757808027937203e-15,2.5351901415418353e-07,0.0008428465296423137,1.0764641576554936e-09,0.9985782633656324
AGTCTCCTCAGTGCGC-AML3,0.38060230237826137,1.8466803524752163e-05,0.6086417784785939,1.2927370019666796e-14,4.282544443935632e-32,6.5436901593212255e-06,5.851550514086041e-13,0.010730847500801777,6.082998217104634e-08,3.1807857211234165e-10
TTCGGTCCATAGGCGA-AML3,1.5920185347848426e-21,4.7653919806692976e-05,6.12124395415067e-11,4.4771257811533564e-05,1.2210216466470717e-28,1.2458508982276328e-20,7.673787584463864e-11,6.620552221855141e-06,7.4830114734043055e-06,0.9998934711207362
TGCGGCAGTTGTCTAG-AML3,0.11608769975578978,0.008288199430720343,0.8063741614393839,0.02224665099222355,3.406275650853271e-22,0.0007507296188900279,0.0241142337909868,0.01183429712618053,0.009207273338034757,0.0010967545077903327
ACTATGGTCTAGTACG-AML3,0.06633736815810495,0.005748761640997534,8.563028229258452e-06,1.0913582187349234e-08,4.201185693147559e-24,0.5558705293624987,0.000623809300531891,0.37057978219288035,6.4342577596111e-05,0.0007668328255789698
AGTTCGACAACTTGCA-AML3,1.843825519373585e-12,0.0023964854041247214,0.001821211340807009,0.04427022359859348,2.0979322767470783e-16,4.80782821377936e-14,0.00044431935524964593,0.0037464189385614144,2.7587685780572502e-05,0.9472937536749911
CTTCTCTCATGGCCAC-AML3,0.026126316534107998,0.005454696884708902,0.022166302783202987,0.002564765816700438,1.0434097160361322e-20,0.012105762707849882,0.3263292986371474,0.03465024428949233,0.56829177766042,0.0023108346863699196
TTGTTGTAGAACAAGG-AML3,1.3947802951987107e-09,9.065720113088954e-05,1.2644273469750559e-05,2.6009814639337456e-13,1.3380609434809362e-27,1.0404453748205763e-09,8.940965301079156e-11,0.9998941161099594,2.457594554992916e-06,1.2229598949885154e-07
CGAAGTTCAGTGTACT-AML3,3.027660291732535e-36,9.152866096394385e-07,0.9999981454194209,7.042419993297589e-29,1.5256176337201493e-41,1.248146383251347e-45,2.0445141224071924e-19,2.5849928501853777e-11,3.5198352936125885e-18,9.392681194620639e-07
TTTCGATAGGTGGTTG-AML3,2.1228713603217477e-08,0.9999393364626232,5.211826248392691e-05,1.586105994116462e-11,4.863727300697072e-27,3.999660153880003e-17,1.5465644751601535e-11,8.522114916729015e-06,4.285211566839971e-11,1.8570840232287358e-09
CCTCTCCCAGCTCTGG-AML3,1.327510871742013e-07,0.9999993745249818,7.037981378620986e-11,4.4998266226723e-21,2.723670974158058e-38,5.023576271432356e-10,7.302925879749466e-19,2.7856329373589636e-08,4.792587228129064e-16,4.642948637329326e-07
CAGGTATCAGACGATG-AML3,8.269282120288945e-27,3.4198853513278304e-07,3.3313337158589384e-17,1.8248939267561033e-11,6.953002207766983e-47,3.498987783045389e-25,4.168080222290663e-11,6.262921079503995e-08,1.1756797704425075e-10,0.9999995952047562
AAACCCACATACTGTG-AML3,0.009569295631594506,0.0010817411830980534,7.964763806778017e-07,0.0001648210539917633,1.3865368478999085e-15,0.00020375889049797252,1.2552555412694174e-07,0.0012781700087537008,0.9624158533083134,0.025285437921814622
TCTGTCGTCCTCACGT-AML3,0.0498905057969688,0.0002686091798701369,2.540345260611552e-06,3.993609492124541e-18,3.8199038867637513e-45,0.0037316089721195714,2.624039393783651e-12,0.9351994197256179,0.010907188044872729,1.2793266613206564e-07
GGGTCTGGTCAGATTC-AML3,5.61042551366054e-08,0.00010983716615916501,4.389220746848328e-06,0.00019354133016813985,8.53594770675903e-29,0.0006018128072772755,0.9871588578240448,0.0014733663485050328,0.00838371723334601,0.002074421965497969
AACCATGAGATGGCGT-AML3,2.077353980952163e-08,0.9871424630008175,0.012857355210686237,6.470790893613703e-16,5.040346106399123e-23,1.137612072298178e-13,3.036240949921455e-14,8.273651265550728e-08,2.326150860867859e-11,7.825503759660831e-08
CAGATTGGTGAGGCAT-AML3,0.0019413176835150557,0.008425395176687637,0.6823706045591481,0.06861352025485408,2.3099587255387987e-24,0.002834554973977236,0.21086769031754854,0.011183478666317085,0.012567137021282634,0.0011963013466697104
TAAGCGTCACACGGAA-AML3,0.07665358383203098,0.007236915052994116,0.0915471701831139,0.14579844572172942,8.779210307568442e-32,0.6323322231742151,0.012079522437503135,0.007003246380534389,0.0017962972427642424,0.025552595975114865
TGAGCATGTGACTCGC-AML3,0.0009129706603062482,0.0016363279568579585,9.069734359917951e-08,0.004096970662179131,6.461076772260419e-33,0.0031248552365963547,0.9771373660222907,0.00042162525723733816,0.0001810257457761589,0.012488767761412304
TTCAATCTCCTCACCA-AML3,0.006852098476457184,0.011568899585247303,0.18484388703171276,0.28679305174116243,9.959017976921428e-23,0.2677904738251306,0.19105660502741748,0.042888085398022004,0.0030739477299373593,0.005132951184912917
TGACCCTAGACAGTCG-AML3,0.00012570983420543772,1.6275961794481957e-05,3.874653550817492e-05,1.8880622614336507e-05,1.741043640040618e-16,4.998409944208663e-07,4.747783388282121e-11,0.00015552067272225708,0.9995180863658223,0.00012628011886052574
GTCATGAGTCGTCAGC-AML3,0.00035026546976468786,5.8576065590735015e-05,0.00046585863605535507,0.0024553891633495835,6.998170732094718e-29,0.993718422991051,0.002728533113079724,0.0002008271337237152,7.36527317835547e-06,1.4762154207082107e-05
GCACGGTCAGGGACTA-AML3,4.954173791886718e-06,0.0005878063373422721,8.521375221828506e-06,0.0022474784343310423,8.831296974211882e-25,0.006149930105001262,0.004231702908732378,0.002343406719357908,0.9827289357268273,0.0016972642193941974
TTAGGCACAATGCAGG-AML3,0.9985726267751287,0.00016252251939538097,2.4280559871906607e-09,0.0002794626384641828,3.286439809615741e-32,0.0005278081519312262,0.0001223395939741153,4.203847523702014e-06,1.2786919175670674e-05,0.00031824712635106954
CTGCATCCAGGAGACT-AML3,0.011354557799922527,0.0011677591971271605,2.1148829594261325e-06,1.1175258669659257e-14,3.802959588864272e-24,0.02579491076437454,4.20365148885262e-10,0.9612204654882457,0.00045861128032024357,1.580166673766313e-06
TTCAATCCATGGGATG-AML3,0.21566755734677423,0.01950118737888975,0.0002583212766502059,0.08869238318365597,8.441081915847573e-12,0.6208687434619413,0.020712046835315114,0.00868602614770961,0.0004867695103667873,0.02512696485025582
TGTACAGCACAAGTGG-AML3,5.253135282085946e-06,7.799748628025762e-05,4.444859534679149e-07,0.000141878748431998,6.112089078047784e-28,0.9960709901014031,8.484616947469829e-05,0.0004067272587991485,0.0030482502451613827,0.0001636123692137801
GTGCAGCTCCCTCAAC-AML3,4.460361640300174e-09,0.9952222271596851,0.004777735881269553,1.7540951426290973e-16,6.65675445486636e-43,5.524440392045812e-14,4.2308866176418685e-13,7.868255881710089e-09,3.1335531760350155e-11,2.4598613908975828e-08
CGAGTTAAGGTGCTGA-AML3,0.001030873920372492,0.15134435193084653,2.2160914792163806e-07,0.2560444411774782,4.079670010883293e-26,0.12358670412343357,0.05743659270377285,0.21234751966823945,0.026470766537789715,0.17173852832891937
GCACGGTTCCGTGTAA-AML3,6.863139815070665e-08,0.012391817591414474,5.419129823392579e-13,7.772399501685903e-16,1.4745676386115241e-25,1.8663648536819264e-06,2.1797267571111446e-15,0.9473874990230265,1.0227720640455064e-05,0.04020852066812183
CCTCATGAGGCGTTAG-AML3,0.17591537881438266,0.049253731282996635,0.022229621560857216,3.7146901171662846e-07,6.308401163960187e-21,0.03341224964299295,2.1180372136938476e-05,0.716771418490139,0.001562446077074677,0.0008336022904081133
TCGAACATCAACCCGG-AML3,0.00010375698331690169,0.0016695004745954228,1.6930631450713325e-11,0.0005060430259992106,2.3622253023477644e-24,0.9567189367603426,0.02769606143429783,0.0020021400945751814,0.0012341361255437918,0.01006942508439836
AGACCATGTGTCTTAG-AML3,0.034872030212945174,0.016644054860011102,1.4901310957706776e-07,0.41427777203174604,4.8255822577576e-23,0.2248456322694167,0.24841829615314517,0.00048638433298868494,0.0002572993798509479,0.06019838174678651
CCTCAACCAATACCTG-AML3,0.08267281228532837,0.0009890218535363586,0.1178270433413685,1.388973796598431e-09,1.9200535468621683e-26,7.2911976790788295e-06,9.158594671570498e-07,0.6136111443190584,0.1848916750396609,9.471492731199327e-08
ATTCACTAGCTCAGAG-AML3,9.215470607060578e-07,0.9992718285764788,0.000724455084734313,2.516657993955761e-10,2.7697761259303018e-45,1.1840364896016628e-11,1.023969234185217e-12,4.6741626476856775e-08,3.1751130147638234e-16,2.747785569515759e-06
CCTACGTGTCGAACAG-AML3,9.103650084255189e-07,0.9984592402219143,0.0015339703552772804,6.835707935883556e-15,3.65737206750148e-28,1.06149788422285e-13,3.120900741816424e-14,4.91809861172683e-09,6.285559258590612e-16,5.874139556349584e-06
AACGGGATCTCGGCTT-AML3,0.9953908725886014,4.327536400334407e-05,0.00011224226371125974,0.0009334854695786924,1.084379587111662e-47,0.001008985978920198,5.549336621882303e-05,2.4378952695382882e-05,0.002130387835199285,0.00030087818107155296
TGTCCCAAGTCTGTAC-AML3,2.352163945272977e-08,0.9998651563065327,0.00013390293105052938,1.2906575018008146e-12,3.3866123693845594e-28,7.542955045836087e-13,1.538992525038762e-14,4.18610807251924e-07,4.802477807487814e-13,4.986274295308011e-07
TCGAACACAAGTTTGC-AML3,0.011562351376843494,0.0003574166013585503,0.0003794863720834672,4.185930827942535e-14,1.6484026680493214e-40,8.809285739313378e-07,4.327063190980139e-09,0.9876996909219855,1.6736094231802388e-07,2.1111075486386797e-09
GCCCGAATCCTCACGT-AML3,4.855345786894384e-12,0.0012407022244212012,0.00442942707391623,0.13842417861978437,2.924534821100727e-32,2.1611153697213013e-11,9.546557628408638e-06,0.004674094631076642,0.0005627572552032229,0.8506592936115035
GACACGCCAAGTGTCT-AML3,0.00013512490096632358,0.0011068773398679372,0.16884111664507054,0.22802363605523984,2.6260555516608317e-17,1.9581143441365798e-05,0.0002935639146040229,0.044516899939060633,0.5558080215128172,0.001255178548932228
GTTGCGGGTCTTCGAA-AML3,0.10820499127218157,0.030637330901335757,3.560530266062386e-06,0.003507955705695037,2.6792498143529416e-21,0.0003229283398756069,2.1029340246022866e-05,0.00707226635589841,0.2474979551156505,0.6027319824388511
AGTCTCCTCGAGAAGC-AML3,5.504767528280178e-07,8.745829101305238e-11,0.9999994494355469,6.806288105659188e-18,3.899497963684819e-49,2.202965597854958e-24,7.159796291229945e-16,2.3357124061141987e-13,1.0074846552644343e-18,7.859219013471101e-15
TCATTGTGTTTACGAC-AML3,0.005767513768156089,8.869780794448281e-05,4.062837297996833e-05,0.0032810664107509164,5.958476239066331e-36,2.4165260055385314e-10,2.3270156985546777e-13,0.0007677829127718294,0.9857608108196989,0.00429349966581271
TGACAGTTCGTTGTGA-AML3,0.0005016237314148736,9.875449564424727e-06,0.9986597765190318,6.479338350034468e-13,6.690595930114667e-27,1.3094281041168256e-08,1.0842507727240663e-06,0.0008274989945041207,5.918159454606157e-09,1.2204162336036425e-07
CGGAGAAAGCTGTACT-AML3,0.0006027514089823654,0.037583326508930225,1.3564878103893783e-05,0.2453136374789395,4.0161336130460335e-27,0.6862043093398023,0.014217749870294406,0.0033835734746282355,0.002437527794139834,0.010243559246179456
AGGAATAGTGTTTCTT-AML3,1.178702738461774e-41,3.596313417980576e-45,8.573255873238209e-50,6.299472395967813e-41,1.0,9.677754356977413e-50,7.962338386545735e-46,6.098638554963874e-79,1.567447806733567e-80,3.5470736122689665e-51
GGATGTTAGGCGATAC-AML3,0.0002663858413066938,0.00011025517218022816,4.8225424700249286e-09,4.2876544936933267e-20,7.138628299984835e-40,0.00014671468562933658,6.381202704832398e-14,0.9994761639850535,4.7454471557006923e-07,9.485082566090378e-10
CAGGGCTCAATTGCTG-AML3,0.004170914237498452,0.5273418417390978,0.4024651265109695,2.23824849735795e-08,2.9151966575913903e-34,8.082080269518625e-08,6.422975580481228e-11,0.06593025224803233,2.02439856543141e-11,9.176197664058735e-05
GTGAGTTTCACCATCC-AML3,0.06012588353560424,0.020191543016302587,4.954738183026352e-06,0.0029838068358409775,4.4591261206554845e-19,0.8070104921693058,0.021716779923306444,0.011644249066402818,0.0005117542040382891,0.07581053651101592
CAGCGTGTCCGCAACG-AML3,0.001931401519022412,4.81422374397565e-05,1.2837980361523693e-06,0.00010344513348492413,7.01721846320211e-44,0.0004093837352293166,0.9885043035855869,5.884542174789784e-05,0.00017069863764851054,0.008772495931804106
TCATTCAGTGTTTCTT-AML3,3.394658248962874e-05,0.94823973114241,4.150960088595457e-09,4.775210517241333e-09,3.242472306664405e-24,7.376222873073268e-06,2.9474491595736207e-10,7.76940508675194e-05,3.822361912374252e-07,0.05164086054425276
TATCAGGCATATACCG-AML3,0.0047037214651363705,0.0015897042454475817,0.002778115285428171,0.9841675549402366,4.720477179516591e-23,0.001392482410183167,0.00508271071972168,0.00017956986571043623,6.060652742438061e-05,4.553454071158569e-05
TACAACGCACGCCACA-AML3,0.0739516621085364,0.008823835329740648,0.1511923973992302,0.0032291484456181767,7.660562701349812e-20,0.005679062161629994,0.6927297792954505,0.02711458327443677,0.03235905133548411,0.004920480649873142
ATAGACCGTCTCTCTG-AML3,3.109702476186273e-07,5.614234501239212e-05,4.72226694733458e-07,8.835516903148155e-05,1.2198050750270363e-33,3.66337563794258e-07,0.0001181132241464534,1.7394335998541818e-05,1.137700749822804e-06,0.9997177076905552
GGGTTATAGACCGCCT-AML3,8.243074710608721e-05,6.060625421789492e-05,3.441681067874148e-06,8.828333011370864e-15,5.4157167206342606e-30,0.0004939359899338681,1.6374328121773022e-10,0.9993594326511865,1.5099360283780145e-07,1.5191327536001638e-09
GTCATTTTCGGCACTG-AML3,0.5596228761302321,0.00221996148751224,9.163515023791064e-05,1.9545406278738618e-05,3.7095306363223463e-29,0.005167415746615462,0.39152253741558607,0.0005456940714735567,2.0745109598895694e-07,0.040810127140967746
TGGTACATCGCTAATG-AML3,0.0005056760227942603,8.245362177968414e-05,4.893154524451148e-06,8.674221217778761e-07,1.3590660511026342e-08,0.00010984797366052479,3.632479881304112e-06,0.0011054527239681938,1.762801656587285e-08,0.9981871453825927
TATTGGGCACCTCTAC-AML3,0.0006126387800799918,0.0010609501605398862,0.0012282813512588218,0.0020317255890388007,3.511338302292399e-30,0.006582009944317303,0.5986549446152127,0.00868068461963861,0.3806197628210134,0.0005290021189004906
ATTCAGGGTTTGACAC-AML3,2.0533519406107676e-07,0.0009492449730484892,0.0005430524806614219,5.879692824278632e-14,1.2047092988540082e-20,2.40580933133189e-09,2.026077612373964e-11,0.9985051747752854,1.7773450668567358e-06,5.426646148032255e-07
TCAGCCTCACTAGGTT-AML3,0.01843147810910116,0.06050277674845536,0.04137100794524245,2.7666403795754856e-06,2.710672523050274e-32,0.002448098812424738,5.3643804107747545e-05,0.8208181941295191,0.05603106153283809,0.00034097227793167565
AACAACCCATAGACTC-AML3,0.00011932045772849437,0.006712398394750264,1.9065118120857714e-05,0.005241644324394808,2.2196188695010316e-17,0.01572095474090754,0.6984927490663052,0.02700555386929343,0.24207060379014528,0.00461771023835395
CATTGTTAGTAACGAT-AML3,0.040980573980804395,0.0029667582624303126,5.148270189465388e-07,3.6577139902673164e-07,5.268258361972356e-36,0.954065682528701,6.385645728433572e-07,0.0018130455326431795,3.3594376165080987e-06,0.00016906109481387246
CACGAATGTCACTTCC-AML3,0.01954982735280478,0.0024537824095917835,3.130191535969978e-07,0.09355982593397894,3.9658184751856557e-47,0.8636777071125367,0.0001925913015569867,0.0003970967695964925,0.0012049956700753647,0.018963860430705377
TGGTACAAGTGGTTCT-AML3,0.0029702096295693573,0.008085157318355697,0.002854028631923722,0.006907929262798201,4.273568092158498e-12,0.00013149918406743302,9.213863008902672e-06,0.0011033600604567417,0.9760909667220278,0.0018476353235185737
TTCTAACCACAAATGA-AML3,1.2872422512829551e-05,2.1395201603934e-06,0.0006997600726342591,3.6467457888622746e-18,1.9975493066764266e-27,7.547187610827374e-06,3.3604421499186825e-15,0.9992692532545118,8.409391715243802e-06,1.8150851377444337e-08
GCTACCTTCACAGTGT-AML3,0.0016486574168911496,0.10470424814730257,0.017982764531822407,0.5003053649379217,5.444606574251459e-27,0.0018886699067433789,2.3029290805892694e-06,0.06269175648714588,0.20103746961701785,0.1097387660260747
AGAACCTCATTACTCT-AML3,0.03603734722883575,0.013629364278190205,0.020583582926529415,0.058647077896168215,6.757946779249045e-30,0.0347846388135284,0.04005215454705897,0.0015418126216665948,0.7762768278972235,0.01844719379079897
GCCCAGAGTTGCATTG-AML3,0.9817550656214018,0.003417287488762994,2.2637681821023663e-13,1.93742480826486e-08,6.257068274185659e-38,0.007487472874350046,8.207248517797702e-12,0.0033139756270268396,4.231246827496117e-07,0.00402575588109417
AACGGGAAGCAGGCTA-AML3,0.0004027245288549073,0.0005679614531254484,0.9615402119138836,0.0014104349025804183,1.0138288802551863e-27,0.012956285487291561,0.0038685860577154733,0.006673542440808932,0.012333088095568141,0.0002471651201711978
GCTGAATTCCTATTTG-AML3,3.3977270176779403e-05,0.9975449185198645,0.0010029254117482067,6.510831564212897e-09,7.711673380425968e-57,1.6271717192796896e-10,0.00043601542350597155,0.00022468086411318956,4.976055776534172e-11,0.0007574757872820141
TGATTCTAGCACGGAT-AML3,4.4063929476402535e-12,0.9999607878925919,2.988248669024424e-05,1.0875675563334408e-17,7.941360076135558e-69,8.188864113014789e-12,1.5417848992332995e-15,9.32941097042589e-06,4.493926181475412e-14,1.9710560281748982e-10
CCTGTTGCAGGACTTT-AML3,0.14508768034879002,8.211875050809832e-05,0.005566037643281567,9.686746564072471e-06,3.856248074581734e-25,0.0011872512788829541,0.00012814260800049837,0.00013196734966616398,0.8477971756847178,9.939589588847405e-06
GATCCCTGTCAAGGCA-AML3,0.0021723600046251513,0.0003534169637017889,2.6673845237296273e-06,1.0024638483730105e-21,5.183226958063585e-31,1.0775426601149901e-07,3.4587373609415716e-09,0.9973661992717169,1.8136963550472306e-11,0.00010524514429199028
GATTCTTAGCATCCTA-AML3,7.064685015786091e-10,0.00038816954869958675,2.0979632870875957e-08,8.464797652077774e-05,3.753822753907891e-26,1.8503421447755172e-07,3.8966693536725004e-05,0.004874980421418048,0.9736294554228968,0.020983573216612327
AGGATCTAGTTCCAGT-AML3,0.24133098023175167,0.0033846412239668783,3.5955301361722887e-07,0.00038589602992460164,1.130397873217563e-28,0.06314778147463522,0.0006457472991757289,0.00013374640466040687,2.825224672326429e-05,0.6909425955361486
CTCAGAACAGAACTAA-AML3,0.025416839038319566,0.00358964521907073,0.002188209254414818,0.008746204058797478,3.727934608734359e-27,0.45471512740271675,0.4878823393878486,0.00713551297453883,0.0069278037874934825,0.0033983188767998593
GAGGCCTCATTAAAGG-AML3,0.13460338136646186,0.013202586895895504,0.33930548856165577,0.19683500222164466,5.01956935756802e-22,0.0034318381232509,0.28032039507650214,0.020203581631163755,0.005248920204166423,0.006848805919258941
AGTCAACCATCGTGGC-AML3,0.004321704614204531,0.00414469750448631,1.2507783785933656e-11,0.0003705502731844771,1.7634325270074444e-18,0.6966234639879522,0.2316812843042249,0.00017855826470287645,2.4531495843864997e-05,0.06265520954289315
CCTGTTGCAACGTTAC-AML3,0.00010978361666464738,5.492708043646347e-05,2.1478526449391892e-07,0.9567851516993541,2.2118799409418205e-35,0.03258834233748401,0.01037750151737615,1.6077624794172673e-05,2.6691156844879966e-08,6.797464746912117e-05
GGAGGTAAGTCCGCCA-AML3,9.001875203699853e-05,8.823113806446722e-05,0.02242888458211439,1.3697297631561132e-07,3.3263600681764226e-20,2.6177425881001423e-11,0.9766504693148379,0.0007396033973184287,1.9313295017523965e-07,2.4626835241029976e-06
AGTACCACAACGGGTA-AML3,0.6095626047604619,0.001792918489760126,0.00015463775274933571,0.33625750701623514,7.320579528959451e-23,0.0009581901986229791,0.020777518773688025,0.00012495092125262036,0.0009836353393674656,0.029388036747862455
TCAAGTGGTCACTACA-AML3,1.0009106238587928e-12,0.9999993887333491,1.6007357811764593e-07,1.9886626043347846e-14,1.341803693667457e-36,3.858647551794455e-13,1.5875629095852177e-12,3.7843945058477223e-07,3.582549405105354e-12,7.274704543691481e-08
TTCCTTCAGTAATACG-AML3,0.001330986786785621,0.02546286310891788,0.0013786815772158635,0.9284248319843487,3.126069244962884e-14,0.000772162296520714,0.012895391506216552,0.025308621704557374,0.0017793269464928924,0.0026471340889130997
GCACATATCAGGTAAA-AML3,0.7455969479513186,0.0056640817021652865,0.039306623259244236,0.06916856067492841,9.671138595491203e-19,0.014117336097741164,0.01823785348952409,0.0036859153937683895,0.09589235061459904,0.008330330816710793
ATGAAAGGTTATAGAG-AML3,1.799111319431799e-13,0.0010778206354351333,2.3659533731005523e-07,0.019141564532362477,2.6924380797282966e-18,5.271161288448111e-13,9.96998001721302e-06,0.0002064561627263055,4.089884631660067e-06,0.9795598622087829
GTGTTAGAGGCTTAGG-AML3,0.0011374851782586482,0.005208316151452796,3.4287694626296667e-09,2.2925364649013233e-14,4.4900678885834115e-31,0.028360996855550828,2.544772651309167e-10,0.9652914693053658,1.0013928917894055e-06,7.274332104897659e-07
CGTGAATCAGGACGAT-AML3,0.017514354192821255,0.03628801011591641,0.00040342658818376853,0.8649636428250691,7.450346724006154e-20,0.03286638401594719,0.0294334387246285,3.203859324010109e-06,1.3450100839043023e-05,0.018514089577270722
GGGTCTGGTCTTTCAT-AML3,0.0007339614783315912,0.002565503283400292,2.0178437640067673e-06,1.7725051265409554e-09,8.124165590577036e-18,5.424700641975765e-07,1.1253086606448923e-06,0.0021105784378292842,0.0011661229462550488,0.9934201464591897
GGTCTGGCAGGCATTT-AML3,0.07860990448935132,0.000534582489364064,3.9124385700829124e-11,2.6448060852399794e-20,2.632181057558078e-34,1.064287330280556e-11,4.2941678743455346e-12,0.000997255163383931,2.999454374324197e-08,0.9198582278092955
AGGACTTCATCGTCCT-AML3,1.5811015847523658e-14,0.0017077250278784025,5.122112395550949e-06,0.8017833656023924,2.7459626637944296e-44,3.142624837293068e-13,0.0001548015209500061,0.000589288318153107,9.25337045863296e-06,0.19575044404744196
CAGCGTGAGGACGCAT-AML3,2.7323983256441976e-09,0.0299186170016848,4.5516732417718145e-06,6.887474474599936e-07,6.56365246956149e-31,0.00036199633046993214,6.964196238532607e-07,0.9248919959303555,0.007641561812628853,0.03717988935214955
AACTTCTGTGGACCAA-AML3,0.00011160942075965888,0.00122782627203097,2.3122085826160526e-06,0.055480235310147806,3.366672541950013e-24,0.9073631955576426,0.008813090260351195,0.019095364781226695,0.0037022393420057314,0.004204126847252762
GGGTCACAGATCGACG-AML3,7.023925976131485e-06,1.2574921936723348e-05,0.0034382821441712153,1.3083491972906713e-05,4.702807624516458e-19,4.404342485843126e-05,8.063951038100828e-06,0.0002262623171167799,0.9962489251715677,1.7406513619667502e-06
