index,0,1,2,3,4,5,6,7
GAAGGGTAGGCACCAA-AML5,0.0003846573782098007,7.639760778527444e-11,0.9996151329544914,1.5862048032927686e-10,1.0837526802479423e-13,6.189585905555173e-47,2.0943217229208532e-07,2.790347110688954e-17
AAGCATCCATTATGCG-AML5,8.365091524708452e-14,1.0064716473488712e-10,0.9999999528727594,1.5803753239199652e-14,2.9071552427791985e-08,8.779851388385078e-62,1.7954941606467602e-08,2.503434078599914e-21
CAAGACTTCTGCGTCT-AML5,0.09801285720316959,1.2810977888403605e-05,8.905796708876585e-12,0.051334828586270156,0.00014608264991757542,2.3861951797833063e-17,0.8501770758827961,0.0003163446910523435
TCATCATCATATGGCT-AML5,0.05189288784396883,4.6967497792828294e-07,0.00034367732995669323,3.124643347531397e-08,0.02753012098919978,2.0564086201426245e-15,0.9202170092132136,1.5803702247576504e-05
TGGTGATCATACACCA-AML5,0.00011978994115677632,8.478228927939244e-11,0.16205256237721366,0.0013281906162836174,0.8343335356363352,2.0101631911925268e-12,0.0021658656571411504,5.5685077066906636e-08
TCTCCGAGTATCGTTG-AML5,0.004705382213796231,7.710235968348999e-16,6.201910411501223e-18,0.9855802008277008,2.723757823216026e-26,1.836381729089735e-36,0.00971441695850195,6.267666725858386e-21
AGACACTAGTAAAGCT-AML5,0.004384662415161755,7.039441697966122e-08,0.00046206665817256817,4.761966683111685e-06,2.3722424452804848e-07,1.9813735924586047e-37,0.9951482013413212,1.0208360702875807e-18
TCTTGCGCAGACGCTC-AML5,0.08204985618520484,0.009734826377148405,1.3088789766113547e-07,0.9076573655512127,0.00046019119731134254,5.113790267475095e-23,9.761050689285607e-05,1.9294332357681086e-08
TCGACGGTCGTGTCAA-AML5,0.8498619553507483,3.6710666885475073e-07,0.024195402532278688,0.03151968009975285,0.09441587438344722,1.7246544825401673e-32,6.7155629368555955e-06,4.964167341168383e-09
CTCAGAAAGTACAGCG-AML5,1.3652758387406425e-05,0.37049740149736343,1.5764106597353951e-07,0.6258236339292083,4.9672866450388266e-05,1.7764094192165556e-27,0.0036154811110179195,1.9650673274340299e-10
ACGGGTCGTGCACAAG-AML5,1.2820073010138418e-07,0.0001934397237927144,0.00021648200529677617,3.0005951012932094e-08,0.9880798711320633,6.630007380422156e-23,0.0115100457486383,3.1835278339920048e-09
CATAGACTCTGTGCGG-AML5,0.005974883865833923,5.926180912358056e-09,6.884957406869619e-08,0.9835495089161953,0.009727076205915416,1.4118853595087067e-45,0.00074845623623497,6.555155504575045e-14
TTTACGTAGTTCGGTT-AML5,0.00017594494515157618,0.1557277797521386,0.5009089069759692,0.28883638868997574,0.002239518602096982,6.9257799433292355e-28,0.052098181538412544,1.3279496255281002e-05
ACATCGATCCTGATAG-AML5,2.264644328109517e-27,1.9025548156515132e-22,3.4109486531727474e-47,1.0831604566805279e-23,5.335680002446882e-22,1.4146726097693537e-66,4.1853744526865816e-21,1.0
CCGAACGCAGAAATTG-AML5,7.059452708819107e-52,9.191428526889593e-56,2.6310877366475757e-48,1.3629788799360185e-53,2.9293440281451634e-61,9.228126128306538e-65,3.789240622298414e-60,1.0
GTTAGACGTAGTCTTG-AML5,0.012998118711413969,0.0001816330816712291,0.42597737845098116,0.5603507756260037,0.00032548000361525085,1.4025536945950574e-13,0.00016645969278528464,1.5443338920922894e-07
GTTGCGGGTGCTCTTC-AML5,2.880928698323454e-12,8.130830088160062e-22,2.3427898305387627e-10,1.2178635581959783e-07,0.9999998772888965,4.6167723638426235e-28,6.874713776615637e-10,1.1642497977207734e-13
GTGAGTTCAGAATCGG-AML5,5.114293560979836e-05,0.9953936587355938,5.3570226822292534e-11,7.17777244487663e-06,0.0004897902582946202,5.127325981848697e-50,0.004058230244486514,1.315586343970702e-17
CCACGAGGTCGTTATG-AML5,0.5979148193518495,1.2407877830736703e-07,2.169993705386927e-09,0.002124717110988645,0.20347624442162418,6.970207834400557e-20,0.1964832074100142,8.854567513506711e-07
CAGAGCCGTGGTATGG-AML5,4.964875338294841e-06,0.0006849407650033279,3.2843738095143726e-06,0.9812939794377253,6.740795456237985e-07,7.37625412328361e-32,0.01801215645580197,1.2775899975135524e-11
TGTCCTGCACATGGTT-AML5,0.00580801901996688,7.379939502131476e-17,2.599875868126986e-10,0.9941909369712423,6.493023753605826e-09,2.3022118323858304e-20,1.0369091394530478e-06,3.466400011373509e-10
TTGCGTCAGTAGGAAG-AML5,0.8298236443973465,0.008406188148175292,5.104705238961696e-07,0.00021950885672318037,2.9945439332034754e-06,6.270046633755772e-13,0.16151371887760646,3.343470506443007e-05
GTGCGTGGTTCGATTG-AML5,5.359231175405498e-05,0.9959345264571182,4.791071289817821e-06,2.4449675573455026e-05,0.0016499487887348997,3.8691831297780213e-19,0.002328802424344772,3.8892711848200234e-06
TGATCAGTCTAAACGC-AML5,0.4351669000021388,0.3201644342993262,0.012195872025966052,0.09405972106470674,0.006467662140708226,9.972634697845636e-15,0.13167316743981025,0.00027224302733379005
GCACTAAGTTTGTTGG-AML5,1.798193338184625e-07,6.425965243180542e-09,3.595415751560517e-08,0.9999990099171826,7.656991229799157e-07,3.820136466810374e-22,2.1840507335974696e-09,1.8690565678307953e-13
CATTGAGGTTAGAGAT-AML5,1.7442389071590703e-07,0.0029737940637605187,0.8164922207938315,1.4274157846421485e-05,1.9760865739466064e-12,1.7803255467089123e-53,0.18051953655869485,2.536319496089156e-18
CTATCTATCAGACTGT-AML5,2.4192735879826016e-29,2.936215598141531e-22,2.285499920194724e-37,6.928099258842875e-36,1.957978144917284e-25,2.5569965450482128e-36,3.730389459024329e-30,1.0
TACGGTAAGCTGCCTG-AML5,0.025724444243418448,0.8661127043995492,0.10143934153954476,1.820975156832843e-08,3.90994325612561e-06,2.7564579109899257e-22,0.006719581658431403,6.04843961365084e-12
GCAACCGCATATCTCT-AML5,6.859188411852005e-06,1.6076051322928764e-08,7.565501457525782e-17,0.9999920192586899,1.1050930491278805e-06,6.402011275108749e-33,3.6334468433998617e-10,2.0453031023855313e-11
TTTCACACACGCGTGT-AML5,0.0005377514233360842,0.023572012639556113,0.9452656419472483,0.003997503364591181,0.00046640165227194194,1.0057339719109333e-22,0.026160593218520562,9.57544758305427e-08
GGAGCAAGTGCAAGAC-AML5,6.001281218437101e-06,5.64166472626106e-10,0.6780573338928205,7.932719162846213e-05,0.14466832834916274,3.7801394512650074e-25,0.17718900810790666,6.13096599497081e-10
CTTACCGCACCGCTAG-AML5,0.006316429208673021,6.76078039770342e-05,0.0852696804653159,9.636981810628244e-06,1.0798777597140404e-07,2.3675967032341176e-17,0.9083346376821108,1.8998703368540292e-06
GATCCCTCAGAGACTG-AML5,2.6772131368183674e-06,0.0001751081008306222,0.006899774180185962,0.9907121173058302,0.002209235565657007,8.154586767237745e-16,3.115751541761626e-07,7.760592045091183e-07
GCATTAGCAGCTCTGG-AML5,7.64808544747737e-06,8.454503450418033e-18,0.013685373043582675,3.7010703950402174e-07,0.9590015847296541,4.1906923410283263e-22,0.027305024034236045,4.023349420687174e-14
AGTCATGTCTAGCATG-AML5,0.31483467441630647,6.05756974990013e-17,0.06836506496182752,3.468968397482058e-07,0.6002501296759314,3.6700011422200816e-26,0.01654976021869388,2.38304008960605e-08
GAGTCTAAGTTTGCTG-AML5,1.6586527711090395e-05,0.9996435220875848,1.6758604471047487e-05,0.00015738652660605477,5.3240961965533765e-05,3.5977873858451746e-19,0.00011208827934237058,4.170123190142404e-07
CATAAGCGTCCAAATC-AML5,3.819493990879491e-09,0.9999959313842492,2.800977002141362e-10,4.062296099765695e-06,2.2179560407838866e-09,1.6476714721927167e-61,2.1029796255616e-12,5.161633328774186e-33
GATTCTTGTGCAGGAT-AML5,0.11035201748273897,0.02266637481074061,0.765509875056784,0.05555429190982166,0.04576429324788956,5.0236918138303613e-11,0.0001494732587405822,3.674183047597214e-06
CTAACTTGTTTGCCGG-AML5,2.4979347663233302e-06,0.047295508399644325,0.03733544969960784,0.00013691106224616122,0.91522869652747,1.5633728017326613e-20,3.2411980013140984e-07,6.122564653565529e-07
CGGAATTCACAGCATT-AML5,8.190957781234262e-07,0.9989501162738803,1.2247095727506268e-08,6.360525416697767e-07,3.589334031229816e-05,5.3389252533252616e-24,0.0010101542678999046,2.3687224919013225e-06
CGTGCTTCAACTCATG-AML5,0.00013371920149847125,5.6327015673249874e-12,6.056875525049462e-14,0.9998650301622677,4.380480819129114e-14,2.8548406171474354e-27,1.2506300265483014e-06,4.70195309881581e-13
GTCAGCGCAAAGGGTC-AML5,9.762020744084359e-07,0.9980980984251278,1.772481785109618e-06,1.295071470101594e-08,3.2218345276963625e-05,4.9248644786252485e-22,0.0017942638066638242,7.26577883572502e-05
TACTTGTCAACCGGAA-AML5,0.006604281941898375,1.7586717436100675e-06,3.5145452124296354e-08,9.163031229613552e-14,0.9931065561645843,3.169077291988821e-32,0.00027814445530113005,9.223620928743441e-06
TCCTCGACAAGGTTGG-AML5,0.0001236680553452243,7.032054856491859e-10,8.6463443134026e-06,0.9998676844160004,4.772089300773781e-10,1.1774301180083473e-34,3.926682783421621e-12,3.901485007909194e-21
AGGGAGTTCCATCACC-AML5,0.13135412333179972,0.8319661861244753,1.7506585868330629e-09,0.03661527372249162,8.58144625441906e-06,2.552443578190125e-16,5.583349833933109e-05,1.25980715468209e-10
ACGGTTAAGAATTCAG-AML5,8.147310018859499e-08,3.035694772274297e-10,0.15086653726014063,7.070292910495369e-13,5.562505192330546e-06,1.7052187647352962e-24,0.8491278180573572,3.9993334122012943e-10
AGGCATTTCGTAACCA-AML5,6.504044138020981e-05,2.357878795986489e-06,4.6534401728079614e-08,0.9999137902600735,1.2021269888071777e-08,1.1955234812693787e-17,1.1502842168736933e-05,7.250021909888959e-06
TCATGAGAGTCACTAC-AML5,3.331577428796264e-05,0.05442229406991048,7.52745603018076e-08,0.945134577111785,0.00015321863674627446,2.78482675965449e-31,0.00025651913257509465,1.3506502602076188e-13
CTACATTTCTCTATGT-AML5,6.158148291927634e-11,0.9999892228322196,3.3986754225187874e-15,9.66918855159787e-07,9.983854423436457e-11,2.10653644144889e-52,9.810087026918269e-06,4.749480991665882e-13
AATGACCCACGAAGAC-AML5,2.806962011087399e-08,2.6921661762256856e-14,0.9999309004458272,1.798096947016813e-08,6.905188928883124e-05,7.805330816785791e-32,1.6142665581806957e-09,8.132121366559325e-16
GCATGATGTTGCAAGG-AML5,2.512950047788242e-12,0.9999980388407669,5.911796650055944e-26,3.9263291979489415e-28,2.6280663727094477e-19,1.9541141438604437e-72,1.9611567203474738e-06,1.8354837215905376e-29
ACTATCTCATGCGTGC-AML5,0.002608620217123954,3.2133278980695338e-06,9.822296869118163e-11,0.25272528782852394,0.5014197703893458,8.682090016540141e-17,0.24324074951222854,2.3586266564625442e-06
AGGCCACTCAACGCTA-AML5,0.0030568446952081783,0.029598272198744856,0.9452319665101675,0.00030773818973666643,0.0007223491139915399,1.4157320526892143e-21,0.02108282583727082,3.4548804740580424e-09
CTATAGGGTTTGACAC-AML5,0.21335198267299743,0.036607797520407444,0.00012697774685228728,0.000645132928297412,0.7491660112808258,3.5065155768864343e-22,0.00010178798077333198,3.0986984611799093e-07
TCATATCTCGCCTTGT-AML5,6.739388533308656e-05,3.2054451955233194e-07,0.00012974383557412067,0.9997785586622908,8.5618781345689e-06,7.781039574193621e-18,1.541246950448507e-05,8.724643426378038e-09
TTGGTTTAGTGGAAAG-AML5,0.00036853680886857963,0.6691075747632543,0.005582527325189096,0.0014582883707026301,0.3230385422867906,2.3694888017442577e-21,0.0004430543768005437,1.476068394311222e-06
CCAAGCGAGGGTGAGG-AML5,0.9919301979242774,1.100319216657432e-09,1.3892102342347835e-05,0.007998420669235687,5.734892252624248e-05,5.31187989156214e-24,1.3247271291847166e-07,6.808586163798578e-09
AGAGCAGGTGTTTGCA-AML5,0.6595391560649524,0.11671803028598628,0.18713212293451556,0.01225747289496884,0.0006864759639032973,1.0200398312285255e-17,0.02356144068624882,0.00010530116942471479
TCTCACGTCGTGAGAG-AML5,7.857323780123592e-07,2.4654666505319585e-18,0.005660644818203377,2.8073363371733014e-10,0.9943372407226914,4.90738041168366e-30,1.3284459332225964e-06,6.043833522678124e-14
TTTGGAGCATGAAGGC-AML5,0.978966682221258,1.0414850339349932e-06,2.1597536965501502e-05,0.016026636142579917,1.344643746014012e-09,1.4965741535609835e-24,0.004984041249181749,2.0337079600831454e-11
TGGTTAGAGTGGTTAA-AML5,0.0017131242161915288,2.381651557641879e-09,1.2349751035984623e-06,1.6912504993311236e-09,0.017675176433744815,1.1694638245888843e-16,1.2181045383238507e-05,0.9805982792566746
TCGTGCTTCTCATTGT-AML5,0.006160375856380797,7.514092212213341e-06,0.12423580444370504,0.001780521785903995,0.004466121189756497,8.5867611055203e-48,0.8633496626298877,2.1536857949907294e-12
GGGATCCTCCTCTAGC-AML5,8.449689273146177e-35,1.4744832128943412e-28,8.507894757882381e-36,5.542147205096158e-41,1.7956064757833733e-28,1.566798761001573e-41,8.367268228902727e-34,1.0
CAGGGCTTCTGCGGCA-AML5,8.685592771447181e-10,0.9999626351371014,4.729554962399012e-07,2.2189073978757076e-13,2.4382308840000283e-08,3.913070493449542e-49,3.686665631239258e-05,5.1465335771563087e-17
TACCCACTCGAAGCAG-AML5,4.835256231084853e-12,1.1445363192773599e-11,0.9985652004658998,7.393957184802529e-10,8.697853691411491e-07,8.464338648060666e-48,0.0014339198720739357,9.120980662553674e-09
AATCGTGGTATCACCA-AML5,0.0020703864332586126,4.359912666043022e-06,1.1345161127670313e-05,0.9959505310559882,2.303135790668898e-07,7.8386878027535e-16,0.001962995903823389,1.5121955612244433e-07
TGAGGGAAGTATTGCC-AML5,1.2526943748118195e-10,1.5566814063003408e-18,9.555589430120769e-21,4.1013137245126375e-16,1.6447629304237178e-06,7.039362411679013e-42,0.9999983547320781,3.7972161207398875e-10
GGTTAACCACACCGCA-AML5,0.999875363186683,7.533541718596567e-14,4.0371729269523175e-13,3.850552766472034e-16,8.344636599623104e-24,1.791419760203997e-51,0.0001246368128376933,2.901822130379101e-28
GGGTATTGTTCATCTT-AML5,1.3495702940295428e-05,4.009880636429236e-19,6.35202699049979e-08,0.012241707158586575,0.98774380339843,1.3555894624526173e-32,9.300215276821204e-07,1.982455414758122e-10
GGAATCTCAGCGTTGC-AML5,0.00027504699089216024,4.7302894993657206e-36,3.518657975750533e-14,4.111844545715732e-24,0.9996751663576406,1.4427074986910898e-33,4.9786651059043124e-05,3.7289835362507265e-13
GCGTGCAGTCCAAGAG-AML5,7.164038428070234e-14,1.1033956744074755e-08,0.9999999601864775,1.313877336367433e-10,2.7699609196550115e-08,3.493871189282307e-33,9.467622860083318e-10,1.7347163934522324e-12
TGTGATGTCGACCACG-AML5,0.7051344878705709,5.14631372762704e-15,3.007994428635207e-06,7.525079322698411e-05,0.2278464218180792,5.7222480538507946e-18,0.0669408291797528,2.343936325110948e-09
TTTGTTGAGGGATCTG-AML5,9.934312260948413e-07,8.375554363196846e-06,0.0019084362575525647,1.341710794279018e-07,1.784062473653374e-09,5.3845786409393564e-24,8.419724825408752e-09,0.9980820503819915
CTCCTCCCAGGTCTCG-AML5,0.11385279861842665,2.4046538974523618e-11,0.0006131612135177426,0.8850120938023791,0.00036179946467881235,1.2569086979485437e-21,0.00016014687278793736,4.1633875302749145e-12
GCCGATGAGCTCCATA-AML5,0.009329742780980059,0.002014416614239171,0.9738545508179246,7.404086057902044e-06,3.434706116662258e-07,1.0796760208618455e-17,0.01479354061598609,1.6142004922275266e-09
CACATGAGTTCTCGCT-AML5,3.697674849275138e-09,0.00019706359413875572,0.9837570643929284,2.781353070948497e-06,0.016043078994854406,4.228699223690066e-34,7.967332449335124e-09,1.7069145032495974e-16
TAAGCACCAGACGATG-AML5,7.248564346977534e-06,0.016586983960995113,0.9833993832516014,2.338494185737202e-09,1.4093269637739927e-06,2.1964055467614987e-25,3.925813395690589e-07,4.579976259026183e-06
CCTACGTCAGTCGCTG-AML5,5.341383732340661e-05,0.010708792351725338,0.902900994697632,0.05475488439171163,0.0038656735626020596,1.4312813772794128e-23,0.027716158421604666,8.273740067975496e-08
ATTCCTACACAAAGTA-AML5,0.0,2.590150774624576e-288,0.0,1.9910460796950902e-240,4.7811921269781764e-284,1.0,1.0931164198497256e-252,1.2578859034268852e-282
GCGGATCCATCTCGTC-AML5,0.9999999767622064,1.0617981219015749e-16,2.3399782911519063e-19,2.3234585420135816e-08,1.7367236777485155e-16,1.944518171621729e-41,3.207905989057759e-12,9.366020071133798e-18
TACGTCCCAGGCTCTG-AML5,0.0004775322831198907,1.4013531921697623e-10,9.212368464508038e-10,0.9995212027290957,1.9939237479987316e-12,2.0079060059126623e-28,1.2639244163874131e-06,2.040302307094911e-15
TTTGTTGCATCGGATT-AML5,0.0005636428524762745,4.422668882169574e-17,1.0947446828004717e-10,1.0361368006022322e-06,0.9986169312408932,1.3816081476648893e-17,0.0008183895278663999,1.3248897051546725e-10
AAAGGTATCCCGTTCA-AML5,0.7191663593870784,8.514484675740538e-25,1.7472051001310392e-08,0.00010091638887993663,0.22935235079840072,4.2324427678539645e-28,0.05138035211387327,3.839716651034821e-09
CGGGTGTAGTTCCATG-AML5,0.0698337645063658,0.054764882248922515,0.010706264134745581,0.8158440233449683,0.011000347131820317,2.793036557788583e-11,0.037816444597787324,3.427400745967717e-05
TCACGGGCACGCGGTT-AML5,0.00010323796193661576,6.9869232285225295e-09,0.00010761681204517463,0.9997886627480489,4.401959061447128e-07,3.0527771375508793e-18,3.5290170189329024e-08,4.96955236239942e-12
GATGACTCAAAGCAAT-AML5,1.2834817327266855e-05,3.854506997282841e-07,0.034634561812927046,0.965284911453388,6.608513630387134e-05,6.27706602893125e-12,1.2131075193707854e-06,8.21555766253624e-09
ATGAGTCTCCGTGCGA-AML5,8.807661644600054e-06,0.3447936475767623,0.05966790192992691,9.361312807836423e-05,0.5928785240681219,4.8430558008551025e-17,0.0025571634723556137,3.421631103092621e-07
TCTCCGAAGCTAGAGC-AML5,5.7319765711146434e-15,0.9998283909040045,9.823763057315355e-05,1.764708199379517e-08,6.0774871783609655e-05,8.039083042023762e-52,1.2578946550856427e-05,5.48739183955719e-17
TTTAGTCTCCAGGACC-AML5,1.7206706164790595e-70,2.289032872645973e-64,1.3245972596615415e-81,2.147383347914535e-81,7.726939453714265e-65,6.429571592078707e-78,1.4809494564095187e-73,1.0
ATAGACCTCTACTCAT-AML5,0.0005495062540800293,2.5695747747295853e-12,2.464319582293816e-08,5.588727456537642e-20,1.4453214998492184e-09,2.9502984047093473e-36,0.9994504676263316,2.8501562240221372e-11
GTTGCGGAGTCAATCC-AML5,0.003912406414137388,0.18372335579723909,0.012815682405749767,0.6152649617110298,0.0004306211930629117,1.305512900637307e-32,0.1838529668699533,5.608827708144922e-09
TGCGGCATCTGCAGCG-AML5,0.0006074087654209555,1.4401936874111898e-05,0.592744805416215,0.1732042887016385,0.23342824376535792,4.780888107358659e-11,4.893813186614908e-07,3.619853659244576e-07
AGTAACCGTGGTCAAG-AML5,0.9999944085369369,4.042689431001198e-06,7.883387901279334e-17,6.546539969306737e-11,2.2688592923429546e-17,5.738210108920614e-48,1.548708162747511e-06,4.0623856364150036e-15
ATTCCCGGTGGTCTTA-AML5,0.00011816567867637765,0.46286860560368964,0.5158336133837486,0.000750414135258823,0.01054958085612558,1.4670757415635576e-23,0.00937223191057403,0.0005073884319268848
GGCAGTCCACTACTTT-AML5,0.9996615038163279,6.6214905755614324e-15,3.083711213393797e-15,1.558436214604051e-10,4.616121240608706e-15,2.2329049914605698e-33,0.0003384960278141524,2.415300967149778e-19
GTATTGGGTCAACGCC-AML5,0.008459645149997228,5.110421221772818e-06,0.8918015967449404,1.0615639842412584e-06,0.03235402484810791,6.4653899364878056e-24,5.497808392908672e-08,0.0673785062936643
TATACCTAGCTAGCCC-AML5,0.9503115563567739,4.267512066222862e-12,3.546155277012816e-08,1.3332662175809176e-05,2.4649901561365686e-07,1.8206558609642367e-23,0.04967479258933286,3.6426881446997045e-08
TACCTCGAGTGAACAT-AML5,6.498898021829444e-09,2.871975539128641e-14,1.6777240827814378e-12,0.999999993491488,9.126997814021701e-13,2.868983595114809e-30,6.994799492778514e-12,4.6725731018237875e-17
CCTGCATGTACACGTT-AML5,0.9973396340652421,0.0017664917996829163,9.883148504471536e-05,0.00027757329600016175,0.0005122304822944915,9.293013994304807e-19,5.125433928261246e-06,1.1343780736559038e-07
CCCTAACGTCGTTGCG-AML5,7.89205012611159e-06,3.4909754855927025e-07,0.0001301131335130229,0.9997512596737103,0.00011037552254601316,1.1369044772424688e-13,5.077006393726044e-09,5.445435963716478e-09
CTTAGGAGTATGTCAC-AML5,5.1514370782516064e-06,3.078230109591569e-22,1.8005013079839753e-13,3.058501552786343e-15,0.9999948440121748,7.431960268204385e-21,2.3121238963406705e-09,2.2384402029126113e-09
TTAGGCATCGACACCG-AML5,0.003083386507254943,2.347487787142363e-15,0.002300930729020347,3.6711661687865506e-10,0.9945882379147889,5.1362727428136105e-23,2.7444481195213084e-05,6.217402162887255e-13
AGACAAACATACAGCT-AML5,0.0007725986119062787,0.001830633905018338,1.0866922886397797e-05,1.5748555011555407e-08,2.5511789566678766e-08,3.346713278880962e-20,0.9973858591305137,1.6933059394685167e-10
GATTGGTCAAATCCCA-AML5,1.218353081816716e-10,7.419292225907759e-10,6.44171427331069e-28,0.9999954761537296,4.868214326528127e-09,6.92875135189059e-55,4.518114291494196e-06,6.1823792919866325e-18
ATACTTCCAGACTGCC-AML5,7.148704637359843e-05,0.17282544383510667,0.04333505578965778,1.815777787610106e-07,8.684853336302784e-06,1.2303048349838266e-19,0.7837579058957178,1.2410020290601411e-06
TTGTTTGCAGGGCTTC-AML5,1.4704684544065217e-06,0.9999977029800583,1.8669038497265235e-18,7.037450558486055e-07,1.0654256509422626e-07,7.203913907748223e-45,1.6263866522533592e-08,9.17363682594486e-17
AGCTACAGTGGCCTCA-AML5,0.056795300868792836,0.4463535464202924,0.010890975841052536,0.00019513896209995767,1.8859620839364012e-05,2.126738758454971e-32,0.4857461779222543,3.6466866361285414e-10
ATACCGATCGGCTGAC-AML5,0.0015661646072636496,0.2042132357354579,4.488896683534036e-07,0.787264844181442,0.006462390786473967,1.3474736733611375e-13,0.0003622329309896714,0.0001306828685696564
TGGATGTGTCCTTGTC-AML5,3.033840000883561e-07,3.566499067044811e-06,0.020998515741877985,0.9773383016656487,0.0016587374518884073,5.852279256138661e-19,5.62534006418171e-07,1.2723511103542752e-08
AGTCAACCAGGCCCTA-AML5,0.0023514142159148394,8.481544795530422e-10,0.04427834942413466,0.2524036558449447,0.04686868827917528,3.8699570240723457e-26,0.6540978895179638,1.8697121514954603e-09
CCCAACTAGCCGAACA-AML5,0.00045303839750966544,1.2885045525218684e-08,1.1673423908048423e-09,0.0006732423439702996,0.0004330733923181995,3.1264970755222356e-21,0.9984397846944474,8.471193665738898e-07
CCAATTTGTAATGCTC-AML5,1.743146928762933e-12,6.830460520597694e-20,3.363381950095717e-09,7.14291448763003e-23,2.8348042734098903e-22,2.0866838965206187e-71,0.9999999966348749,2.844639101350077e-36
ACGGTCGCACACTGGC-AML5,9.788541122382837e-05,0.26171117501905905,0.5831644324669691,0.13684871438946913,0.0003470640699409287,4.159819817540048e-25,0.017830506776889382,2.21866448510726e-07
TAGATCGGTGTCCGTG-AML5,1.8866288941393716e-10,0.0007320992119827366,0.7720952159080883,6.682465407146452e-05,0.2271058122021591,1.1891298700037696e-28,4.7183745183061875e-08,6.512902667723113e-10
AGACAAAGTCGCCTAG-AML5,0.005344481552680821,0.994455440289804,3.4680461136529395e-06,8.797956895861155e-06,0.00018760680357178536,1.58347748053769e-16,2.0238769105221076e-07,2.96324259102577e-09
TCTCCGAAGTAAAGCT-AML5,0.0005156378811167443,2.83523209759101e-07,1.585015348503309e-15,0.999478363748199,7.676059269908528e-12,2.4791108265189756e-28,5.714826069283071e-06,1.3727590806483103e-11
ATTCTACGTTGGGAAC-AML5,0.9669330150808595,0.03306588729588022,5.6806244619229506e-11,8.356097553951774e-10,2.6137478862509587e-12,9.83028654619735e-45,1.0967278965958172e-06,3.3389513659709227e-13
GGGCTACCACCAAAGG-AML5,0.04325630229307956,1.2337371973601797e-16,7.2366186677174e-07,2.0169764792786177e-08,0.06611158800581976,1.0586499815158697e-23,0.8906305275927054,8.382767635536232e-07
GTGGAGAGTATCGGTT-AML5,1.0317087450715132e-32,4.152227999700992e-34,2.816363812734427e-32,1.7243872353331317e-41,1.821700188427463e-24,1.0194247285266689e-57,3.130953497777222e-34,1.0
ATTACTCTCCGGACGT-AML5,0.010985499698112603,6.337000240688318e-05,0.9524669178562728,0.029258464571397642,0.00716787589782833,7.181023826662886e-12,5.7269835369749005e-05,6.021314309100169e-07
TCAGTCCAGGGTAGCT-AML5,0.002390378939973649,0.0002515522622962575,4.08906635155623e-09,0.997296066932484,5.8719979191287466e-05,9.94382963363282e-33,3.2612240164261153e-06,1.6572972064202232e-08
CTCCCTCCAACCGTAT-AML5,0.018880789429247185,0.0004915189898977204,0.11866318879633882,0.855619055937304,0.006246273087366803,1.189695959583559e-12,9.790165317505375e-06,8.93835933383376e-05
CTCCTTTAGGGCAAGG-AML5,0.9923709439766262,6.884621729348141e-10,0.000261605378564084,4.194316365169938e-08,0.0009927395032451396,1.9035571579889147e-17,0.006374523803437073,1.4470650180138578e-07
AAGATAGAGAGAGTTT-AML5,5.230158743851845e-05,2.0495178169919136e-06,0.004741394553185842,0.9925823726532134,3.454097404351943e-05,4.81464690782385e-19,0.002572186569287131,1.5154145014587258e-05
TTCCGGTAGAGCATAT-AML5,0.007529374754494368,3.092881254093948e-22,0.9900798590244728,8.655986368038805e-10,0.001264998283909726,7.266573711673548e-43,0.0011257670715242786,2.1495207944122585e-16
GTTGAACGTAGTCTGT-AML5,0.9877503806713902,0.0007898080710471744,6.19521942405503e-09,6.481777562065751e-07,4.225296634977536e-10,1.2338307951930112e-31,0.011459156461599146,4.583120113005527e-13
ATCATTCAGCGCCTTG-AML5,0.5351498624482078,1.737056845243888e-11,4.4567256991538985e-06,0.02309397550379201,3.753061242297087e-06,4.611513621652456e-18,0.4417479400109372,1.2232750895739037e-08
GGGTCTGTCGGTTAGT-AML5,2.347823929947092e-09,5.5661030014309353e-14,2.7488544313798287e-11,0.0009880203430372022,0.9986772195596474,1.328969470316086e-45,0.0003347577219474636,6.582160573051109e-21
CACGGGTTCAGAGTGG-AML5,9.158369607278561e-08,0.005965495317024178,0.0004368393467789029,2.105333336266661e-05,0.9935706264294284,1.1952230304108458e-19,3.3122328320408455e-06,2.5817568776656334e-06
CTGCCTATCGGCATAT-AML5,0.00030568220320784936,0.0045224307999330105,6.797675420737705e-05,1.0525303352095744e-05,2.8677509485852345e-07,1.4805628913907325e-22,0.9950930969649896,1.199215250278441e-09
TGTTCTACATTAGGCT-AML5,6.674909920823501e-07,1.903977693570938e-05,9.516235852308022e-06,0.656303576733554,0.3436671844582715,5.486728917593088e-20,1.5014816314850908e-08,2.8957803040761575e-10
CACTAAGCACAAGCTT-AML5,0.04070839811584838,0.2095649006041021,0.4552447038197426,0.17399172416196473,0.0934246633163237,1.1780553670995908e-16,0.027065506022525554,1.0395949289662208e-07
TATTCCATCGCTACGG-AML5,0.041211901948967476,0.7342391008955986,0.013163521511498712,0.04243693320097119,0.02238460972959279,1.3986417367713694e-13,0.14649896613216065,6.496658107053723e-05
CGTGAATCACTCCTTG-AML5,0.046597725295761915,0.21263229851645865,0.004760390289665514,0.5199131893354461,0.20687796292595986,5.1292648495248234e-11,0.0030052939653477714,0.006213139620067657
GCTGGGTCAGTTGCGC-AML5,3.7555401809857536e-10,9.435169720927069e-21,3.1708054630581436e-10,1.4743729299464027e-10,0.9999999991589137,1.4039575577535145e-27,1.9784795678489317e-13,8.166593209251087e-13
TGTCCTGTCCGGACGT-AML5,0.9648285488875968,0.020187171811058675,0.003301903105907154,0.0003982559437755592,8.992662892266567e-06,5.275238726800587e-16,0.011224519960995523,5.060762777334222e-05
AGAAATGAGAAGTCAT-AML5,0.984221154946891,3.5265869451653493e-15,0.0022909464723664284,2.488771144975097e-10,0.0131819899023172,2.0335519574082306e-25,0.0003007375989757116,5.170830568973964e-06
TTGCGTCGTCGCTTAA-AML5,0.9540459498534886,4.512405363321881e-05,0.04404968609134246,0.0018554061446243004,1.029580066781507e-06,1.773700761610565e-20,1.6749572326116083e-06,1.1293196121587438e-06
GCGTGCAGTAACTTCG-AML5,3.7760442756961643e-07,0.0003034847873626938,0.04283529339696892,0.9333212474551055,0.02353866828444623,2.2248370860271004e-23,6.335903435329673e-07,2.948813456403578e-07
TCATGCCAGGCTCAAG-AML5,1.5159123588414857e-09,8.445844873530128e-18,2.5293941990938702e-23,0.9892371931525369,0.009683442474529496,1.0698104296873989e-24,0.0010793628461013447,1.0919861060475947e-11
GCACGGTTCGGAATGG-AML5,0.0003203085977245853,0.999501202346869,4.0339022487883775e-09,2.337565389006012e-12,5.017555044944343e-14,5.434104737037501e-64,0.00017848501911637567,2.0269150960035024e-29
GTTGTAGGTAATACCC-AML5,5.387961248028609e-09,2.3913219598839542e-21,1.8888382052701415e-09,2.9016146037885983e-19,1.724832007474753e-08,8.670059019338078e-33,0.9999999754743981,4.822411820591892e-13
GCACGGTAGAAACTCA-AML5,0.048371809001879526,0.9164682450679934,0.007404253771576146,7.257865034440447e-07,5.6042259281071044e-06,1.8426684944303307e-48,0.02774936212472906,2.139026529468163e-11
CCCATTGTCCCGATCT-AML5,0.036367399588219586,0.25563933105960596,4.937586079003683e-08,5.158245188811655e-06,3.91226054221919e-10,1.9150985270422302e-41,0.7079880613385169,1.3820278894542904e-12
GCTTCACAGTTGAAAC-AML5,0.7963450498504497,1.5998132071561126e-12,0.05807663809324631,0.0031245502070777844,0.14205377830437302,9.222360988796584e-14,0.00039970121841514646,2.823247460843124e-07
TTGATGGTCAATCAGC-AML5,1.8591149351134452e-05,0.00020557037859499777,0.4595592563591768,0.1809322246986535,0.0008165770788675238,5.1321686351419284e-14,0.35846081390866735,6.966426637258412e-06
TAACGACGTGAGGCAT-AML5,0.010167153784267734,0.7593440911388505,6.990484126635981e-09,2.1572515127835427e-09,1.9585323311260596e-07,7.998795762710562e-18,0.23046595527848093,2.2594797432090095e-05
CACATGATCGGTCGAC-AML5,1.2896024617373514e-07,4.7501306611116624e-06,0.7352679908669112,0.1738931086423031,0.09083303131793635,1.198288399486151e-13,9.814343911495676e-07,8.64743106515423e-09
GTTAGACGTGCATACT-AML5,0.0002505941569981095,0.0003030757487323953,0.9990165369978026,0.0001693868788472063,0.00025974932757706496,3.621414966090374e-30,6.566064861384039e-07,2.83556683742911e-10
CATACAGTCGGTCACG-AML5,6.764457670701118e-05,0.91741214370081,0.005530744637042936,7.848092318960004e-05,0.05925183273564811,5.448697808400965e-23,0.017658931764329314,2.216622728228731e-07
TTCTAACTCCGACATA-AML5,2.7458478916614627e-06,0.9497837297626511,0.04966275915659491,3.368083709414054e-09,2.668490717926854e-07,4.5604816878579115e-55,0.0005504950157068431,1.4110854036361844e-16
CACGGGTTCTTGGCTC-AML5,1.3940040437533618e-05,0.03135234269447826,0.00022774352887596427,0.7933204673947946,0.17379949703540054,8.162037372651421e-17,0.00044129689400166055,0.0008447124120114073
AGAGCAGTCAACCTTT-AML5,2.3109221622558454e-06,0.9996782417933746,3.386166438017404e-06,1.3922762587121448e-08,2.530595942062672e-06,1.6222156388370304e-29,0.00031350415736799953,1.2441952637242568e-08
ATGAGGGGTGGGATTG-AML5,3.701588916331426e-37,2.322278154323323e-28,1.7009165329441097e-36,6.759073356456924e-21,4.986030410317549e-27,1.0,3.5135940801955407e-29,1.0575061113317282e-31
CATGAGTTCTAGCATG-AML5,2.4081580762939545e-08,0.9986761019880949,2.122846992130099e-05,8.285254456826625e-07,0.0010004996005882616,1.1740839845881174e-50,0.0003013173245634232,9.805761185567046e-12
TTAATCCCACCAAATC-AML5,5.2701096995415745e-06,0.9967821824163229,0.00014751890905403286,1.2075774762372669e-13,1.8842271947260054e-08,1.0170010028670022e-30,0.0030650093291484932,3.933822280386134e-10
CAGCACGGTCTCTCTG-AML5,2.0791826585019845e-13,6.307081770793385e-05,2.9396200000168454e-09,0.00013093708979453078,0.9998059891526125,2.3102349443804063e-29,1.1815462438326545e-16,5.691566809333294e-14
TACCCGTTCCAGTTCC-AML5,0.0005082337297975939,0.01204129214166408,0.020677874251971047,1.7254873435626962e-06,8.507583838037528e-06,2.7974022536429883e-24,0.9667531425914484,9.224213937458872e-06
TTGTGGAAGTTCTCTT-AML5,2.1047875423757484e-07,1.9706482264752404e-07,3.0213708149703496e-12,0.9999103838098286,8.920688832677665e-05,6.964247027405973e-20,4.6369201356907573e-10,1.2915545051524947e-09
GTGGCGTTCCATCTCG-AML5,0.001018301875497822,2.0632461924887086e-09,5.20757649321658e-09,0.9989815358875926,1.3967947719755418e-07,2.4944187510568506e-21,1.2188473010158673e-08,3.0981367114675866e-09
TCAGTCCGTATGGGAC-AML5,3.244754190540988e-12,3.9293737883740667e-39,5.228496824352479e-35,0.0001774288014341356,0.002523851765644754,1.8201416555456969e-37,0.9972987194296764,2.5503963957208613e-19
CTCCTCCAGGACGCAT-AML5,0.005499009238861006,3.758128661560575e-15,0.0441405223774684,0.846783384273975,0.0009209224995617462,4.5606675852097725e-23,0.1026561615728263,3.730367454768207e-11
GTAATCGCACACCTAA-AML5,0.9999294584535163,3.833528580456167e-05,2.991667394735829e-08,2.512293638161518e-10,5.101639692350546e-06,1.1529793002518304e-76,2.7074453083175808e-05,3.3918161086636425e-17
CGGGCATGTCAATCTG-AML5,3.993618964716831e-08,1.3787543340614416e-07,1.1246968382704966e-11,0.9999973048285116,2.0073344142592238e-06,4.394773897581948e-20,5.622070219624617e-09,5.043921337477528e-07
AACGTCACATTAAGCC-AML5,0.9331056898007205,0.010323454778453423,4.119591059590403e-05,5.715611074753651e-06,3.7346717458568744e-09,2.0152221540139303e-19,0.056523934525587065,5.638896671142135e-09
GAAGCGACATCGTGCG-AML5,8.359341529765234e-08,2.2555505801320942e-05,0.9973629328286937,0.00014525082947115813,0.002469176124276657,1.0301079491355595e-26,1.0976811709976225e-09,2.066062619864655e-11
TCGCTCAAGTCCTACA-AML5,0.0006148401416779668,0.9929140014353185,1.520974294174519e-05,0.0007379914333275169,0.0006928373214685615,2.2764422833784175e-14,0.005022991083652498,2.1288415906973755e-06
GTGCTGGAGGACACTG-AML5,0.10200114589016973,7.093928506206648e-13,3.316669842826884e-05,0.8815433223379138,0.016329882069193953,6.388258941775694e-11,9.245245792774245e-05,3.0481774544309475e-08
CTTCAATAGGGAGGAC-AML5,0.0011789729196603606,8.401200744519298e-15,6.56602028985305e-16,0.998802094148875,7.931670330351383e-17,5.829106210570462e-81,1.8932931455483315e-05,2.7540867883609355e-30
ACATCGAGTAATGCGG-AML5,0.00012308611317104118,4.5639813258732204e-07,0.0002074255392558378,6.423711353136102e-12,0.009364158439805582,2.003182240823136e-21,0.990297201039956,7.672463255305995e-06
CGGGACTGTGTCGATT-AML5,7.5849638444929824e-06,8.114284771162409e-13,0.09141869162345674,0.14478415292355593,0.7637857712108618,3.85638588589158e-15,3.7832842165756688e-06,1.5993249078511345e-08
TGGGATTCAGCGGTCT-AML5,0.041265380804570935,1.250634243471979e-06,0.8727310166084303,1.1319637095289145e-05,6.625926429116399e-06,2.7625657186964094e-19,0.08591676123343972,6.764515579115819e-05
GTCTTTAAGTATAGGT-AML5,0.1598753863727038,1.2414343654451364e-07,0.0006206157326851916,6.399657551371408e-07,0.8074606756665434,5.253300976915311e-29,0.03204255786551028,2.533656365511586e-10
AATGCCACACGCCACA-AML5,2.038076861243081e-06,2.9355232487862032e-24,6.114786964156286e-26,4.0869606081785756e-05,7.305808703649105e-10,1.499583980399519e-48,0.9999570915864762,3.32127321377704e-24
TACTTACGTTTGCCGG-AML5,3.0699100399942875e-05,1.2397484977004228e-06,1.7182863621759724e-09,0.9998697016551158,4.393366102951832e-09,1.392278086097441e-31,9.835335224528116e-05,3.2088944490667035e-11
GACCGTGAGCTATCTG-AML5,0.00016652621013239766,0.9908084158809854,1.7779124524385915e-11,0.008084191714329206,0.0004699920568887439,7.112947571867672e-16,0.00047057482576839894,2.992941160061815e-07
GTCGTTCCACGCGGTT-AML5,6.068415174404226e-11,4.654344225454885e-09,3.9275642076872935e-17,1.4191133403843424e-05,0.9956762915909804,1.693459115939968e-28,0.004309357476434634,1.550841526057244e-07
TAGGTACAGTCCTACA-AML5,0.00019435082707900436,0.9771233422721219,0.020275851139913002,1.258993840151067e-10,7.202790480502055e-05,3.0484740670468602e-24,0.002334321925899399,1.0580428218281461e-07
AAACGAATCGTTCCTG-AML5,2.7188665124932925e-06,8.003084224121601e-12,4.644859390450212e-13,9.419620594272849e-09,2.265979735327154e-10,1.5137098417107442e-76,0.9999972714788014,1.88817823056566e-27
CAGATCAAGTGATAGT-AML5,4.221464464601194e-07,1.2028496337975435e-06,0.015482449207317537,0.9726866705560177,0.011826574214922805,2.557384879347951e-21,2.6546654772924443e-06,2.6360184336560887e-08
AGTGACTCAGAGGTTG-AML5,2.6973971074841032e-09,4.981827672615812e-10,1.9895512170303095e-12,0.5439872980821294,0.4560124156279792,1.3112282600375758e-32,2.8309049462813583e-07,1.8274550630610013e-12
AAAGGTACAAACCGGA-AML5,0.0014645649047444705,4.655370273835209e-08,0.00026654217691576387,5.766746597923202e-07,0.5829975429338143,8.453073957623363e-14,0.4151786953133308,9.20314427474566e-05
ACCCTCAGTGGTCTAT-AML5,3.499862850354224e-05,2.9393474603081525e-06,0.00031454397530462306,0.9982641236181398,0.0013747099875415624,1.5388922482837393e-16,8.435177580802566e-06,2.492654691691032e-07
ATGGGAGGTGACAGCA-AML5,0.023485168109724983,0.07685742978722077,0.35105183549150487,0.18028124804518791,0.3672799481659573,1.1109861242166008e-15,0.0008398960095996403,0.00020447439080338884
TTTCATGTCCATCTAT-AML5,4.373168300248703e-06,0.4738592959289258,3.8805783199067346e-05,0.5106526847322953,0.014832611152691393,3.3297912625307253e-22,0.0006078784456890068,4.350788899195898e-06
AACCACAGTACAGTCT-AML5,0.9999753258130615,5.49684395975861e-14,2.4259027764904477e-05,3.761179592638918e-07,1.587439725532231e-16,3.2983404491949896e-68,3.85050218448557e-08,5.361372522285913e-10
AAAGGGCAGACATGCG-AML5,1.2678686344150923e-15,0.9999999999998637,2.9040440697454135e-27,2.0469548524365395e-15,1.0630551058295427e-13,1.5671517692532967e-75,2.6794585788864998e-14,7.069344170029561e-37
TTGATGGAGGTCTACT-AML5,0.025784418935091747,0.5276035439966374,0.2809685699678005,0.00010025695787873995,0.00029409490916264383,6.611075897126406e-23,0.16524896644679443,1.4878663446170656e-07
CACAGGCTCTAGCCAA-AML5,0.0005195666309284614,0.9942286120603125,3.4690859229751295e-05,7.166179082491593e-13,1.2591047870720416e-09,1.0324512112575317e-28,0.0052171291665961475,2.3111536253335197e-11
GTCGTAATCGATTGGT-AML5,0.000355832258008277,0.10872957705999298,0.8423404754460457,0.00591047199384435,0.042578611419292776,1.878396297123777e-19,7.895581922874363e-05,6.076003587207127e-06
GGGAGATAGCGTTGTT-AML5,6.378397655788888e-10,0.8361302089526116,0.1359748195612639,7.915553606404515e-10,0.02781139073945341,4.537689800417993e-35,8.357931660856655e-05,6.675662963182766e-13
AGGTTACCAAGTGGCA-AML5,2.530452965227951e-06,0.9724229025877419,5.4717668715842494e-11,0.00016230602939560436,0.027403906261776433,1.3315516967506564e-22,5.829458002064371e-06,2.5251554009812275e-06
GGAGCAATCTTGAACG-AML5,0.0015260413549916217,7.110007802221356e-05,0.6108479788899576,0.01747894101004865,0.37007583622887374,7.437089862937135e-16,1.0226356779679149e-07,1.7453765407891975e-10
TCAGTTTCACCTGCTT-AML5,4.6950726287641135e-17,3.855006934996822e-13,8.423793018094944e-15,1.508892860906599e-20,2.3256985009295776e-08,6.250333589654511e-32,1.3968007460241426e-15,0.9999999767426199
GTTAGACAGCGATGCA-AML5,0.9525985644750704,0.0005279193512683966,0.02216453000537533,0.013861694690463945,0.010770277218097894,1.8361344857413946e-12,7.697719544616528e-05,3.706244158527001e-08
CCTCCAACACTGATTG-AML5,6.735271017615699e-07,0.6130814361087819,0.007367998771657232,4.382436555549977e-05,1.1329167496565555e-07,8.238914107203747e-40,0.3795059533221614,6.130672773375979e-10
TGTTTGTCATGAAGCG-AML5,0.9909821952270292,1.0530355514519462e-07,3.032650620658385e-06,0.009013950125098098,5.883860532901227e-07,4.3056875386008746e-23,4.6449107611675425e-08,8.185853603668493e-08
CACGTGGTCATAGAGA-AML5,8.90991121962004e-301,1.3747683933633343e-177,1.0516264415668617e-226,4.509343653162861e-204,3.063512663082739e-298,1.0,4.888186399854056e-170,8.561568807303332e-197
CACGTTCCAAGAAATC-AML5,1.20486885755705e-06,2.2587705518365717e-11,0.9816053639387289,5.398038395785154e-10,3.261815435494541e-06,2.175886005831189e-22,0.018390166758256894,2.056329678807231e-09
TGTCCTGTCTACGGGC-AML5,0.9999476862910205,5.189530388500765e-12,2.60766927238102e-09,8.806227762653786e-07,3.863930142619142e-06,4.2680965028902283e-14,1.2215869429331473e-05,3.535067372985465e-05
TGACTCCAGTCAGCCC-AML5,0.9987754593551984,3.4823445310654796e-12,0.0008198563934823959,2.65689512612705e-05,2.6043069250336085e-05,2.928251132450555e-20,0.0003520720918298619,1.3549558143795158e-10
TCAGTTTCAATTCTCT-AML5,0.005272137690316757,0.0011712066234211445,0.1676618886927897,0.801341595858329,0.022490855305599904,2.2112537480436862e-13,0.0020395346933245267,2.2781135997852446e-05
ACTGATGCAGGCTTGC-AML5,0.2155286217345015,0.142537551722106,0.36347461287175,1.0080057986684121e-06,1.0064986531365812e-05,6.2347475259914465e-18,0.27844813391033857,6.768973858754774e-09
ATCAGGTAGGTGCTAG-AML5,0.0039239559525281595,2.9678659189904824e-17,0.9744512961585231,1.5961760228768551e-16,2.867829297433067e-07,1.150827981930612e-50,0.02162446110601873,3.89598970637672e-22
AATGACCGTCGGAAAC-AML5,0.009189253903588976,0.17786610237115055,0.11199434491484149,0.6506896412125762,0.0456600367606377,9.205687663646382e-16,0.0045159227273713605,8.469810983275709e-05
ACTTAGGCACAGCATT-AML5,9.997359299733429e-07,0.14791614609962972,0.0002643568490267727,1.592044373445535e-08,1.0614551381641205e-05,1.219685404078806e-24,0.8518034313930931,4.435450495012879e-06
